   4.7742680e-01   9.4126987e-01   0.0000000e+00   0.0000000e+00   0.0000000e+00   0.0000000e+00
   4.8877280e-01   9.4083325e-01   5.7833959e-01   5.7833966e-01   5.7833966e-01   5.7833966e-01
   4.8761177e-01   9.4043997e-01   0.0000000e+00   0.0000000e+00   0.0000000e+00   0.0000000e+00
   4.9739589e-01   9.3990906e-01   8.4517379e-01   8.4517379e-01   8.4517379e-01   8.4517379e-01
   5.0777233e-01   9.3911740e-01   1.1417627e-01   1.1417629e-01   1.1417629e-01   1.1417629e-01
   5.2238620e-01   9.3827157e-01   1.7216647e-01   1.7216646e-01   1.7216647e-01   1.7216647e-01
   5.3028953e-01   9.3799979e-01   1.8499330e-01   1.8499331e-01   1.8499331e-01   1.8499331e-01
   5.3898466e-01   9.3788248e-01   1.7588797e-01   1.7588783e-01   1.7588783e-01   1.7588783e-01
   5.5423786e-01   9.3803253e-01   2.1480467e-01   2.1480463e-01   2.1480463e-01   2.1480463e-01
   5.5970854e-01   9.3825397e-01   7.8042366e-01   7.8042366e-01   7.8042366e-01   7.8042366e-01
   5.5258275e-01   9.3928705e-01   8.6409823e-01   5.4257076e-01   8.2951860e-01   8.6409823e-01
   5.4104074e-01   9.3999948e-01   8.6554869e-01   7.5682877e-02   8.6554869e-01   8.6554869e-01
   5.5039739e-01   9.4073938e-01   4.1382291e-01   4.1383991e-01   4.1383991e-01   4.1383991e-01
   5.3656613e-01   9.4184120e-01   4.1126021e-01   4.1125380e-01   4.1125382e-01   4.1125382e-01
   5.3963948e-01   9.4228422e-01   2.3454433e-01   2.3454432e-01   2.3454432e-01   2.3454432e-01
   5.4900580e-01   9.4251370e-01   2.5206730e-01   2.5206729e-01   2.5206729e-01   2.5206729e-01
   5.6122678e-01   9.4274305e-01   2.1366537e-01   2.1366575e-01   2.1366575e-01   2.1366575e-01
   5.7319133e-01   9.4296164e-01   3.1555425e-01   3.1555425e-01   3.1555425e-01   3.1555425e-01
   5.7650729e-01   9.4353841e-01   0.0000000e+00   0.0000000e+00   0.0000000e+00   0.0000000e+00
   5.8386580e-01   9.4383611e-01   3.2819384e-01   3.2819384e-01   3.2819385e-01   3.2819385e-01
   5.9500979e-01   9.4407432e-01   8.8107753e-02   8.8109355e-02   8.8109360e-02   8.8109360e-02
   6.0488922e-01   9.4468783e-01   1.3422356e-02   1.3422024e-02   1.3422023e-02   1.3422023e-02
   6.1285495e-01   9.4528946e-01   3.8920216e-01   3.8920217e-01   3.8920217e-01   3.8920217e-01
   6.1850465e-01   9.4539664e-01   3.7410097e-02   3.7408370e-02   3.7408369e-02   3.7408369e-02
   6.2783158e-01   9.4570082e-01   8.2658800e-01   8.2658800e-01   8.2658800e-01   8.2658800e-01
   6.3291678e-01   9.4611357e-01   1.5033997e-01   1.5034105e-01   1.5034105e-01   1.5034105e-01
   6.3684485e-01   9.4666298e-01   8.4445443e-01   8.4445443e-01   8.4445443e-01   8.4445443e-01
   6.3526625e-01   9.4711260e-01   4.9933519e-01   4.9933519e-01   4.9933519e-01   4.9933519e-01
   6.4905675e-01   9.4751600e-01   2.6800438e-01   2.6800436e-01   2.6800436e-01   2.6800436e-01
   6.5932524e-01   9.4828715e-01   9.5113344e-01   9.4382390e-01   9.3212122e-01   9.5113344e-01
   6.7638422e-01   9.4919346e-01   9.5314442e-01   9.5222804e-01   9.5314442e-01   9.5314442e-01
   6.8269206e-01   9.5009017e-01   0.0000000e+00   0.0000000e+00   0.0000000e+00   0.0000000e+00
   6.9804518e-01   9.5069257e-01   6.3010303e-01   6.3010303e-01   6.3010303e-01   6.3010303e-01
   7.0530065e-01   9.5189071e-01   6.4011634e-01   6.4011634e-01   6.4011634e-01   6.4011634e-01
   7.2112630e-01   9.5378917e-01   4.5895347e-01   4.5895345e-01   4.5660713e-01   4.5895345e-01
   7.2586193e-01   9.5533121e-01   0.0000000e+00   0.0000000e+00   0.0000000e+00   0.0000000e+00
   7.3788054e-01   9.5681875e-01   6.9011467e-01   6.9011467e-01   6.9011467e-01   6.9011467e-01
   7.4408240e-01   9.5869169e-01   7.0103082e-01   7.0103082e-01   7.0103082e-01   7.0103082e-01
   7.4883509e-01   9.6115816e-01   0.0000000e+00   0.0000000e+00   0.0000000e+00   0.0000000e+00
   7.5798823e-01   9.6263047e-01   7.3266553e-01   7.3266553e-01   7.3266553e-01   7.3266553e-01
   7.7052480e-01   9.6473712e-01   0.0000000e+00   0.0000000e+00   0.0000000e+00   0.0000000e+00
   7.9993898e-01   9.6802846e-01   5.9520585e-01   5.9520585e-01   5.9520585e-01   5.9520585e-01
   8.2347231e-01   9.7090076e-01   5.9960168e-01   5.9960168e-01   5.9960168e-01   5.9960168e-01
   2.3276340e-01   2.4934656e-01   2.4623553e-01   2.4623977e-01   2.4623462e-01   2.4623462e-01
   1.8143329e-01   2.1206175e-01   2.8353366e-01   2.8357512e-01   2.8357450e-01   2.8357451e-01
   2.6010704e-01   2.7962036e-01   2.9541559e-01   2.5535505e-01   2.9546474e-01   2.9546474e-01
   2.4911322e-01   3.1948816e-01   3.7840861e-02   3.7840864e-02   3.7840860e-02   3.7840860e-02
   2.2897337e-01   2.7078795e-01   8.4114646e-02   8.4114695e-02   8.4114670e-02   8.4114670e-02
   2.6900993e-01   3.2679904e-01   2.8414515e-01   2.8415104e-01   2.8415138e-01   2.8415086e-01
   1.9459386e-01   2.4416962e-01   1.8993447e-01   3.9183626e-01   3.9183654e-01   3.9183654e-01
   1.2863671e-01   1.9103331e-01   5.9199289e-02   3.6349627e-01   3.6349607e-01   3.6349607e-01
   2.1655995e-01   2.6546948e-01   3.0971980e-01   2.6934065e-01   3.0973450e-01   3.0973450e-01
   1.4723671e-01   1.7518168e-01   1.9522251e-01   1.9523725e-01   1.9523726e-01   1.9523726e-01
   1.3957202e-01   1.4782236e-01   1.1253888e-01   1.1253873e-01   1.1253876e-01   1.1253876e-01
   1.2123838e-01   1.1432429e-01   1.4375550e-01   1.4375160e-01   1.4375160e-01   1.4375160e-01
   2.7472008e-01   2.1387721e-01   3.7722548e-01   3.7722536e-01   3.7722536e-01   3.7722536e-01
   1.9058575e-01   1.6312010e-01   2.7302179e-01   2.7302442e-01   2.7302439e-01   2.7302439e-01
   2.0818151e-01   1.3864004e-01   3.7391939e-01   3.7391938e-01   3.7391938e-01   3.7391938e-01
   2.5554824e-01   1.5917968e-01   4.0666228e-01   4.0666228e-01   4.0666228e-01   4.0666228e-01
   1.7670359e-01   1.2402450e-01   3.2284211e-01   3.2286407e-01   3.2286405e-01   3.2286405e-01
   1.9773021e-01   1.1639867e-01   3.9118552e-01   3.9118552e-01   3.9118552e-01   3.9118552e-01
   1.8333421e-01   8.2161669e-02   1.1126951e-01   1.1126967e-01   1.1126940e-01   1.1126940e-01
   1.3869567e-01   1.6874602e-02   3.9190441e-01   3.9190440e-01   3.9190440e-01   3.9190440e-01
   1.4018559e-01   2.0558963e-02   3.8436966e-01   3.8436958e-01   3.8436958e-01   3.8436958e-01
   1.9438725e-01   4.6905166e-02   1.2898709e-01   1.2898641e-01   1.2898650e-01   1.2898650e-01
   1.9613742e-01   8.7420646e-02   6.1586712e-02   6.1588840e-02   6.1588766e-02   6.1588766e-02
   1.5766024e-01   6.5459678e-03   8.2070940e-02   8.2076842e-02   3.1838968e-02   8.2077237e-02
   1.9791643e-01   3.0001685e-03   4.0524679e-01   4.0524679e-01   4.0524679e-01   4.0524679e-01
   1.7476688e-01   7.0634558e-02   1.3349932e-02   1.3359420e-02   1.3359466e-02   1.3359466e-02
   2.5309623e-01   9.7108690e-02   4.0861200e-01   4.0861200e-01   4.0861200e-01   4.0861200e-01
   1.2575417e-01   2.7478768e-02   1.9048479e-02   1.8177565e-01   1.8177573e-01   1.8177573e-01
   1.6836681e-01   5.2340619e-02   1.1135842e-02   1.1133319e-02   1.1133159e-02   1.1133159e-02
   1.9457522e-01   5.0297853e-02   4.0528434e-01   4.0528420e-01   4.0528420e-01   4.0528420e-01
   1.9929488e-01   1.0992096e-01   3.4058790e-02   3.4031547e-02   3.4031600e-02   3.4031600e-02
   1.6269734e-01   9.3373021e-02   1.9455446e-02   1.9454729e-02   1.9454777e-02   1.9454777e-02
   2.4629277e-01   1.3172509e-01   4.3162930e-01   4.3162923e-01   4.3162923e-01   4.3162923e-01
   1.5369663e-01   1.4046082e-02   4.1769012e-01   4.1769011e-01   4.1769011e-01   4.1769011e-01
   1.7538757e-01   8.4766399e-02   1.0103609e-01   1.0103988e-01   1.0103603e-01   1.0103603e-01
   1.1671444e-01   1.2887524e-03   3.7199328e-01   3.7199332e-01   3.7199333e-01   3.7199333e-01
   6.1674102e-02   5.2634505e-02   3.0421607e-01   3.0419022e-01   3.0419021e-01   3.0419021e-01
   1.6462291e-01   5.1869244e-02   4.0253626e-01   4.0253626e-01   4.4409039e-02   4.0253626e-01
   1.1608702e-01   1.1970381e-02   3.9616739e-01   3.9616940e-01   3.9616938e-01   3.9616938e-01
   1.8506324e-01   1.2342901e-01   1.2559550e-01   1.2559490e-01   1.2559524e-01   1.2559524e-01
   8.9868943e-02   7.4805797e-02   1.3149935e-01   1.3146731e-01   1.3146730e-01   1.3146730e-01
   1.5169144e-01   1.8385609e-01   2.1777791e-01   2.1776737e-01   2.1776661e-01   2.1776661e-01
   1.2321366e-01   1.7287978e-01   3.3656817e-01   3.3658605e-01   3.3658641e-01   3.3658641e-01
   1.5538971e-01   2.0069966e-01   1.5170823e-02   1.5169590e-02   1.5169583e-02   1.5169583e-02
   2.8405036e-02   1.1008613e-01   3.5797452e-01   3.5803296e-01   3.5803299e-01   3.5803300e-01
