   4.7742680e-01   9.4126987e-01   0.0000000e+00   0.0000000e+00   0.0000000e+00   0.0000000e+00
   2.1783260e-02   3.9892982e-03   1.2657240e-02   1.2657190e-02   1.2657190e-02   1.2657190e-02
   1.6430286e-02   2.5958350e-02   1.6209711e-02   1.6223003e-02   1.6222982e-02   1.6222982e-02
   2.7835167e-01   5.7797502e-01   4.2526109e-01   4.2526109e-01   4.2526109e-01   4.2526109e-01
   3.3885176e-01   4.0674619e-01   4.5904981e-01   4.5904545e-01   4.5904546e-01   4.5904546e-01
   4.8877280e-01   9.4083325e-01   5.1201217e-03   5.1202008e-03   5.1201920e-03   5.1201920e-03
   2.3052863e-02   3.8088090e-03   4.9683408e-02   3.0887864e-03   4.9683122e-02   4.9683122e-02
   1.8370742e-02   2.5064250e-02   2.1534617e-02   2.1534622e-02   2.1534622e-02   2.1534622e-02
   2.4107536e-01   5.8013945e-01   4.3005663e-01   4.3005664e-01   4.3005664e-01   4.3005664e-01
   3.3249734e-01   4.0187718e-01   4.5051017e-01   2.4854639e-01   4.5051039e-01   4.5051039e-01
   4.8761177e-01   9.4043997e-01   7.5887535e-01   7.5887535e-01   7.5887535e-01   7.5887535e-01
   1.9593931e-02   1.6273416e-03   6.6409130e-03   6.6394567e-03   6.6394571e-03   6.6394571e-03
   1.1790993e-02   2.6116637e-02   1.6600431e-02   1.6600039e-02   1.6600041e-02   1.6600041e-02
   2.0996680e-01   5.8169399e-01   4.9089692e-01   4.9089692e-01   4.9089692e-01   4.9089692e-01
   3.1228579e-01   4.0042370e-01   1.5071438e-01   1.5071441e-01   1.5071362e-01   1.5071362e-01
   4.9739589e-01   9.3990906e-01   0.0000000e+00   0.0000000e+00   0.0000000e+00   0.0000000e+00
   2.1538239e-02   4.6003017e-03   1.2239019e-02   1.2239135e-02   1.2239135e-02   1.2239135e-02
   1.1654379e-02   1.7477907e-02   1.1499353e-02   1.1516932e-02   1.1516981e-02   1.1516981e-02
   2.2168093e-01   5.8244662e-01   1.3578362e-01   1.3578372e-01   1.3578372e-01   1.3578372e-01
   3.2716250e-01   3.9043104e-01   6.0318586e-01   6.0318728e-01   1.2624954e-01   6.0318723e-01
   5.0777233e-01   9.3911740e-01   0.0000000e+00   0.0000000e+00   0.0000000e+00   0.0000000e+00
   2.0042816e-02   7.1306584e-03   1.3494860e-02   1.3493122e-02   1.3493122e-02   1.3493122e-02
   1.1694786e-02   1.4908186e-02   1.1606473e-02   1.1617748e-02   1.1617662e-02   1.1617662e-02
   2.1692002e-01   5.8421057e-01   5.6999610e-01   5.7196130e-01   5.7466249e-01   6.0548103e-01
   3.4194332e-01   3.9932925e-01   5.0142490e-01   5.0142806e-01   5.0142803e-01   5.0142803e-01
   5.2238620e-01   9.3827157e-01   6.9874306e-01   8.5412821e-01   8.5412821e-01   8.5412821e-01
   1.3296325e-02   1.4024051e-02   9.2679753e-03   9.2679804e-03   9.2679802e-03   9.2679803e-03
   1.7432658e-02   1.2418231e-02   1.2218136e-02   1.0854107e-02   1.2219096e-02   1.2219016e-02
   2.0173218e-01   5.8346230e-01   1.4919154e-01   1.4919163e-01   1.4919163e-01   1.4919163e-01
   3.2857884e-01   4.0405329e-01   3.1507493e-01   5.2821922e-01   5.2821922e-01   5.2821922e-01
   5.3028953e-01   9.3799979e-01   0.0000000e+00   0.0000000e+00   0.0000000e+00   0.0000000e+00
   1.4318363e-02   9.5846313e-03   5.6769336e-03   5.6769713e-03   5.6769712e-03   5.6769712e-03
   1.4141110e-02   1.7658818e-02   1.5343478e-02   1.5343105e-02   1.5343105e-02   1.5343105e-02
   1.4121327e-01   5.8738434e-01   1.6225948e-01   1.6225953e-01   1.6225953e-01   1.6225953e-01
   2.9326766e-01   4.0403037e-01   4.7506284e-01   4.7506349e-01   4.7506350e-01   4.7506350e-01
   5.3898466e-01   9.3788248e-01   0.0000000e+00   0.0000000e+00   0.0000000e+00   0.0000000e+00
   1.3017585e-02   1.0852490e-02   9.2186550e-03   9.2183314e-03   9.2183310e-03   9.2183310e-03
   1.8061115e-02   1.9835955e-02   1.8906811e-02   1.8906876e-02   1.8906877e-02   1.8906877e-02
   5.6224862e-02   5.8976713e-01   6.1010909e-01   6.1010909e-01   6.0247044e-01   6.1010909e-01
   2.1659042e-01   4.0093136e-01   4.0802973e-01   4.0802989e-01   4.0802990e-01   4.0802990e-01
   5.5423786e-01   9.3803253e-01   7.8022879e-01   7.8022879e-01   7.8022879e-01   7.8022879e-01
   1.3577388e-02   8.6520502e-03   1.3417092e-02   1.3414642e-02   1.3414642e-02   1.3414642e-02
   2.0598692e-02   1.8300578e-02   1.9814043e-02   1.9813427e-02   1.9813427e-02   1.9813427e-02
   4.2647141e-02   5.9277260e-01   5.5092290e-01   5.5092290e-01   5.5092290e-01   5.5092290e-01
   1.0904959e-01   3.7150613e-01   4.0496649e-01   4.0496662e-01   4.0496662e-01   4.0496662e-01
   5.5970854e-01   9.3825397e-01   7.8042366e-01   7.8042366e-01   7.8042366e-01   7.8042366e-01
   1.7885779e-02   3.7272447e-03   9.7841059e-03   9.7841807e-03   9.7841808e-03   9.7841808e-03
   1.8993106e-02   1.3890965e-02   1.9205468e-02   1.9204083e-02   1.9204101e-02   1.9204101e-02
   1.0810296e-01   5.9507759e-01   4.6079635e-01   4.6079635e-01   4.6079635e-01   4.6079635e-01
   1.1285988e-02   3.4562464e-01   2.0809287e-01   2.0814836e-01   2.0816207e-01   2.0816207e-01
   5.5258275e-01   9.3928705e-01   2.0972476e-01   2.0972476e-01   2.0972476e-01   2.0972476e-01
   1.5722721e-02   5.0551943e-03   7.9588529e-03   7.9587729e-03   7.9587726e-03   7.9587726e-03
   2.1271839e-02   1.4372145e-02   2.1514183e-02   2.1554010e-02   2.1554017e-02   2.1554017e-02
   1.3357337e-01   5.9950266e-01   2.0309406e-01   2.0309421e-01   2.0309421e-01   2.0309421e-01
   5.3826308e-02   3.5301595e-01   4.2908039e-01   4.2908043e-01   4.2908043e-01   4.2908043e-01
   5.4104074e-01   9.3999948e-01   0.0000000e+00   0.0000000e+00   0.0000000e+00   0.0000000e+00
   1.4134224e-02   6.6948731e-03   6.3635437e-03   6.3632646e-03   6.3632647e-03   6.3632648e-03
   2.2870363e-02   1.4102413e-02   2.1721089e-02   2.1722062e-02   2.1722061e-02   2.1722061e-02
   1.2173501e-01   6.0028944e-01   2.0533535e-01   2.0533532e-01   2.0533532e-01   2.0533532e-01
   1.0076043e-01   3.6625968e-01   4.1038051e-01   4.1038112e-01   4.1038113e-01   4.1038113e-01
   5.5039739e-01   9.4073938e-01   4.1386890e-01   4.1383992e-01   4.1383991e-01   4.1383991e-01
   1.9447414e-02   3.8644690e-03   8.5756329e-03   8.5770296e-03   8.5770291e-03   8.5770291e-03
   2.0412700e-02   3.1632345e-03   1.4346298e-02   1.4346346e-02   1.4346346e-02   1.4346346e-02
   1.3989271e-01   6.0392697e-01   5.2524053e-01   5.2524053e-01   5.2524053e-01   5.2524053e-01
   1.1161866e-01   3.1125891e-01   4.9334109e-01   4.9334119e-01   4.9334117e-01   4.9334117e-01
   5.3656613e-01   9.4184120e-01   8.6640920e-01   4.5797604e-01   8.6640920e-01   8.6640920e-01
   1.7624267e-02   5.3959592e-03   1.0009225e-02   1.0008571e-02   1.0008572e-02   1.0008572e-02
   2.1613517e-02   3.5200775e-03   2.2296665e-02   2.2314783e-02   2.2314877e-02   2.2314877e-02
   1.1576835e-01   6.0617366e-01   5.2798400e-01   5.2798400e-01   5.2798400e-01   5.2798400e-01
   1.9613433e-01   2.9963671e-01   5.2079252e-01   5.2079418e-01   5.2079414e-01   5.2079414e-01
   5.3963948e-01   9.4228422e-01   0.0000000e+00   0.0000000e+00   0.0000000e+00   0.0000000e+00
   1.4936439e-02   7.0217494e-03   6.8377975e-03   6.8376906e-03   6.8376904e-03   6.8376905e-03
   2.2953396e-02   3.8592831e-03   2.6090924e-03   2.6091639e-03   2.6091661e-03   2.6091663e-03
   1.1298172e-01   6.0858216e-01   4.8241745e-01   4.8241745e-01   4.8241745e-01   4.8241745e-01
   2.4507438e-01   3.1333981e-01   1.0715285e-01   1.0713944e-01   5.8991974e-02   1.0714775e-01
   5.4900580e-01   9.4251370e-01   7.8476747e-01   7.8476747e-01   7.8476747e-01   7.8476747e-01
   1.5880891e-02   7.4950952e-03   7.2207624e-03   7.2211098e-03   7.2211098e-03   7.2211099e-03
   2.1164394e-02   1.8265201e-03   2.2101092e-02   2.2097427e-02   2.2097419e-02   2.2097419e-02
   1.6641721e-01   6.0957962e-01   4.8458332e-01   4.8458332e-01   4.8458332e-01   4.8458332e-01
   2.2730238e-01   2.9827706e-01   5.2581131e-01   5.2581053e-01   5.2581052e-01   5.2581052e-01
   5.6122678e-01   9.4274305e-01   2.8815225e-01   2.8815232e-01   2.8815232e-01   2.8815232e-01
   1.2777223e-02   9.6628113e-03   8.9672922e-03   8.9676129e-03   8.9676109e-03   8.9676109e-03
   1.8033838e-02   8.6449555e-03   8.4575374e-03   8.4578404e-03   8.4578399e-03   8.4578399e-03
   2.2057083e-01   6.1115128e-01   5.3614164e-01   5.3614164e-01   5.3614164e-01   5.3614164e-01
   1.9148026e-01   2.9284245e-01   5.0681278e-01   5.0681280e-01   3.6642497e-01   5.0681280e-01
   5.7319133e-01   9.4296164e-01   1.4494511e-01   1.4494527e-01   8.9973767e-02   1.4494527e-01
   7.5241501e-03   1.4597763e-02   2.6358290e-02   2.6358329e-02   2.5580963e-02   2.6358329e-02
   1.8803837e-02   5.8177875e-03   1.0018001e-02   1.0018014e-02   1.0018014e-02   1.0018014e-02
   2.8579492e-01   6.1187282e-01   4.9092911e-01   4.9092911e-01   4.9092911e-01   4.9092911e-01
   1.4471722e-01   3.0213187e-01   3.6654158e-01   4.7361908e-01   4.7361899e-01   4.7361899e-01
   5.7650729e-01   9.4353841e-01   3.1207874e-01   3.1207875e-01   3.1207875e-01   3.1207875e-01
   1.1841046e-02   7.2512192e-03   1.0742369e-02   1.0741175e-02   1.0741173e-02   1.0741173e-02
   1.1225324e-02   1.0125888e-02   8.2440466e-03   8.2440366e-03   8.2440490e-03   8.2440490e-03
   3.9610793e-01   6.1564039e-01   2.6699113e-01   2.6699113e-01   1.9806683e-01   2.6699113e-01
   8.0202316e-02   2.8875476e-01   3.8480164e-02   4.4625973e-01   4.4625972e-01   4.4625972e-01
   5.8386580e-01   9.4383611e-01   8.0126378e-01   8.0126378e-01   8.0126378e-01   8.0126378e-01
   1.0487327e-02   1.0163232e-02   6.7239170e-03   6.7235031e-03   6.7235029e-03   6.7235029e-03
   1.5074752e-03   2.7244206e-02   8.7188480e-03   8.7197612e-03   8.7197605e-03   8.7197605e-03
   4.6422758e-01   6.1436749e-01   4.9569220e-01   2.9669199e-01   4.9569220e-01   4.9569220e-01
   5.6314320e-02   2.6572724e-01   4.6449790e-01   4.6449877e-01   4.6449876e-01   4.6449876e-01
   5.9500979e-01   9.4407432e-01   7.2432474e-01   2.0095981e-02   8.4484308e-01   9.2718672e-01
   8.8370502e-03   1.3457142e-02   1.7453363e-02   1.7453594e-02   1.7453601e-02   1.7453601e-02
   5.8529693e-03   2.7406756e-02   6.0306643e-03   6.0306044e-03   6.0306052e-03   6.0306052e-03
   4.6860211e-01   6.1668437e-01   5.0035488e-01   5.0035488e-01   5.0035488e-01   5.0035488e-01
   1.5083367e-01   2.6705865e-01   3.4333446e-01   4.8883902e-01   4.8883903e-01   4.8883903e-01
   6.0488922e-01   9.4468783e-01   1.3422356e-02   1.3422024e-02   1.3422023e-02   1.3422023e-02
   9.7286627e-03   1.1015020e-02   1.7326964e-03   1.7327620e-03   1.7327623e-03   1.7327623e-03
   5.4956904e-03   2.7885221e-02   1.1121097e-02   1.1121108e-02   1.1121107e-02   1.1121107e-02
   4.6813144e-01   6.1723258e-01   5.0045859e-01   5.0045859e-01   5.0045859e-01   5.0045859e-01
   1.9412138e-01   2.7030528e-01   7.1488698e-03   7.1803426e-03   7.1654506e-03   7.1654503e-03
   6.1285495e-01   9.4528946e-01   3.8920216e-01   3.8920217e-01   3.8920217e-01   3.8920217e-01
   1.7736028e-02   2.3675079e-03   5.7144316e-03   5.7126469e-03   5.7126457e-03   5.7126457e-03
   1.7761044e-03   2.8926387e-02   3.5929626e-03   3.6042988e-03   3.6043024e-03   3.6043024e-03
   4.7017660e-01   6.1888900e-01   2.7459206e-01   2.7459207e-01   2.7459207e-01   2.7459207e-01
   8.0964914e-01   9.2503669e-01   4.7896252e-01   4.7896932e-01   4.7896933e-01   4.7896933e-01
   6.1850465e-01   9.4539664e-01   8.8738513e-01   7.7196739e-01   8.6168644e-01   9.3181413e-01
   1.3167714e-02   6.7962975e-03   9.3149705e-03   9.3155439e-03   9.3155456e-03   9.3155456e-03
   8.1698098e-03   2.5121220e-02   1.0208037e-02   1.0218237e-02   1.0218234e-02   1.0218234e-02
   4.7343748e-01   6.2048627e-01   2.8242558e-01   2.8242556e-01   2.8242556e-01   2.8242556e-01
   8.5500740e-01   9.2648600e-01   3.4013706e-01   5.2509037e-01   5.2509037e-01   5.2509037e-01
   6.2783158e-01   9.4570082e-01   4.4169945e-01   4.4169945e-01   4.4169945e-01   4.4169945e-01
   1.9675009e-02   5.4958933e-04   1.2284226e-02   1.2284670e-02   1.2284670e-02   1.2284670e-02
   7.5217001e-04   2.9143192e-02   1.0890730e-02   1.0890348e-02   1.0890348e-02   1.0890348e-02
   4.7669267e-01   6.2273348e-01   5.8980124e-01   5.8980124e-01   5.8980124e-01   5.8980124e-01
   8.5437617e-01   9.2763661e-01   4.3487999e-01   5.4775354e-01   5.4775354e-01   5.4775354e-01
   6.3291678e-01   9.4611357e-01   8.5369269e-01   9.3570869e-01   9.3570869e-01   9.3570869e-01
   1.3720870e-02   5.1916634e-03   6.4432419e-03   6.4427027e-03   6.4427027e-03   6.4427027e-03
   8.4087606e-03   2.4601655e-02   3.5122818e-03   3.5125044e-03   3.5125051e-03   3.5125051e-03
   4.7858002e-01   6.2226159e-01   2.8864436e-01   2.8864435e-01   2.8864435e-01   2.8864435e-01
   3.2065038e-01   9.3037783e-01   5.8117108e-01   5.8117889e-01   5.8117890e-01   5.8117890e-01
   6.3684485e-01   9.4666298e-01   1.9897352e-01   1.9897353e-01   1.9897353e-01   1.9897353e-01
   1.6464168e-02   1.6065326e-04   2.7534100e-03   2.7515921e-03   2.7515957e-03   2.7515957e-03
   1.5501866e-02   1.8822531e-02   1.8505663e-03   1.8507127e-03   1.8507127e-03   1.8507127e-03
   4.8598687e-01   6.2595520e-01   2.9895147e-01   2.9895144e-01   2.9895144e-01   2.9895144e-01
   1.0090465e-01   9.3199641e-01   5.7675864e-01   5.7676013e-01   5.7676013e-01   5.7676013e-01
   6.3526625e-01   9.4711260e-01   8.4892228e-01   8.4892228e-01   8.4892228e-01   8.4892228e-01
   1.7451089e-02   4.2667607e-03   1.2449825e-02   1.2449856e-02   1.2449856e-02   1.2449856e-02
   8.6296230e-03   3.0229236e-02   1.1176953e-02   1.1177173e-02   1.1177173e-02   1.1177173e-02
   4.8742473e-01   6.2670364e-01   6.4387942e-01   6.4387942e-01   6.4387942e-01   6.4387942e-01
   2.5485107e-02   9.3292078e-01   5.6629307e-01   5.6629315e-01   1.4990158e-01   5.6629315e-01
   6.4905675e-01   9.4751600e-01   2.6800438e-01   2.6800436e-01   2.6800436e-01   2.6800436e-01
   1.3680111e-02   8.3306019e-05   9.6796873e-03   9.6796873e-03   9.6796872e-03   9.6796872e-03
   5.8108948e-03   2.7859395e-02   6.5776304e-03   6.5782425e-03   6.5782419e-03   6.5782419e-03
   4.6047682e-01   6.2617105e-01   5.5805423e-01   5.5805423e-01   5.5805423e-01   5.5805423e-01
   1.1999856e-01   9.3278882e-01   5.0901991e-01   5.0901565e-01   5.0901565e-01   5.0901565e-01
   6.5932524e-01   9.4828715e-01   9.5113344e-01   9.4382390e-01   9.3212122e-01   9.5113344e-01
   1.2604782e-02   6.8321346e-05   7.8266560e-03   7.8266941e-03   7.8266940e-03   7.8266940e-03
   1.5981444e-03   3.3649009e-02   1.1449759e-02   1.1450185e-02   1.1450184e-02   1.1450184e-02
   4.4691747e-01   6.2703551e-01   5.5992710e-01   5.5992710e-01   5.5992710e-01   5.5992710e-01
   1.5974606e-01   9.3435983e-01   4.2327138e-01   4.2327199e-01   4.2327197e-01   4.2327197e-01
   6.7638422e-01   9.4919346e-01   3.6179650e-01   3.6179660e-01   3.6179660e-01   3.6179660e-01
   1.1318770e-02   2.4880660e-03   4.5078710e-03   4.5073366e-03   4.5073352e-03   4.5073352e-03
   2.6947952e-03   3.5300575e-02   1.1447688e-03   1.1372214e-03   1.1372139e-03   1.1372139e-03
   4.3642096e-01   6.2979373e-01   3.0414129e-01   3.0414127e-01   3.0414127e-01   3.0414127e-01
   1.9991095e-01   9.3604691e-01   5.6260978e-01   5.6260956e-01   5.6260955e-01   5.6260955e-01
   6.8269206e-01   9.5009017e-01   3.7963830e-01   3.7963827e-01   3.7963827e-01   3.7963827e-01
   9.6414290e-03   8.4850029e-04   6.3353554e-03   6.3351360e-03   6.3351358e-03   6.3351358e-03
   6.3430563e-03   4.0540708e-02   4.7110080e-03   4.7190628e-03   4.7190568e-03   4.7190568e-03
   4.4438092e-01   6.3057263e-01   5.2399060e-01   5.2399060e-01   3.0395006e-01   5.2399060e-01
   2.1382958e-01   9.3656507e-01   4.8444323e-01   4.8444312e-01   4.8444311e-01   4.8444311e-01
   6.9804518e-01   9.5069257e-01   4.1402693e-01   4.1402692e-01   4.1402692e-01   4.1402692e-01
   8.9354528e-03   1.2505544e-03   1.8574227e-04   1.8531245e-04   1.8531251e-04   1.8531251e-04
   1.4070658e-02   5.0573314e-02   1.2328112e-02   1.2321864e-02   1.2321863e-02   1.2321863e-02
   4.6751017e-01   6.3151177e-01   6.4581597e-01   6.4581597e-01   6.4581597e-01   6.4580697e-01
   1.9674150e-01   9.3815482e-01   5.1230679e-01   5.1230597e-01   5.1230598e-01   5.1230598e-01
   7.0530065e-01   9.5189071e-01   6.4011634e-01   6.4011634e-01   6.4011634e-01   6.4011634e-01
   3.2445341e-03   5.6157649e-03   1.0789524e-04   1.0791567e-04   1.0791577e-04   1.0791577e-04
   1.6814561e-02   5.2049895e-02   2.9922108e-02   2.9921925e-02   2.9921926e-02   2.9921926e-02
   5.0376912e-01   6.3375282e-01   6.0463149e-01   6.0463149e-01   6.0463149e-01   6.0463149e-01
   1.9599820e-01   9.3969694e-01   4.2915500e-01   4.2915185e-01   4.2915182e-01   4.2915182e-01
   7.2112630e-01   9.5378917e-01   4.5895347e-01   4.5895345e-01   4.5660713e-01   4.5895345e-01
   6.5092382e-03   1.0674481e-03   5.1096865e-03   5.1098039e-03   5.1098019e-03   5.1098019e-03
   2.2748060e-02   6.1425064e-02   2.0754986e-02   2.0747050e-02   2.0747068e-02   2.0747068e-02
   5.0915117e-01   6.3610998e-01   5.3617837e-01   5.3617836e-01   5.3617836e-01   5.3617836e-01
   1.3863131e-01   9.4271038e-01   1.2913193e-01   4.5533987e-01   4.6153417e-01   4.6153417e-01
   7.2586193e-01   9.5533121e-01   0.0000000e+00   0.0000000e+00   0.0000000e+00   0.0000000e+00
   2.6288625e-03   2.2318887e-03   1.7192055e-03   1.7192574e-03   1.7192549e-03   1.7192549e-03
   3.1561139e-02   6.8255607e-02   4.5221934e-02   4.5221178e-02   4.5221178e-02   4.5221178e-02
   5.0953719e-01   6.3628370e-01   5.7541178e-01   5.7541178e-01   5.7541178e-01   5.7541178e-01
   1.3838977e-01   9.4523583e-01   3.9687746e-01   3.9687697e-01   3.9687696e-01   3.9687696e-01
   7.3788054e-01   9.5681875e-01   1.4871404e-02   1.4873313e-02   1.4871466e-02   1.4871466e-02
   2.6120117e-03   6.1688146e-04   1.8439774e-03   1.8449593e-03   1.8449590e-03   1.8449590e-03
   3.5215160e-02   6.6275496e-02   4.5786183e-02   4.5786224e-02   4.5786185e-02   4.5732327e-02
   5.1363151e-01   6.3899317e-01   5.4149420e-01   5.4149420e-01   5.4149420e-01   5.4149420e-01
   6.3983689e-02   9.4605824e-01   3.6155889e-01   3.6155545e-01   3.6155542e-01   3.6155542e-01
   7.4408240e-01   9.5869169e-01   0.0000000e+00   0.0000000e+00   0.0000000e+00   0.0000000e+00
   1.1048748e-03   2.4641511e-03   2.6530588e-04   2.6545201e-04   2.6545194e-04   2.6545194e-04
   4.0485173e-02   7.3818352e-02   7.7901310e-02   7.7901350e-02   4.1369583e-02   7.7901353e-02
   5.1715894e-01   6.4084590e-01   5.4487696e-01   5.4487696e-01   5.4487696e-01   5.4487696e-01
   8.8719469e-02   9.4714538e-01   2.4631870e-01   2.4631823e-01   2.4631823e-01   2.4631824e-01
   7.4883509e-01   9.6115816e-01   5.1681921e-01   5.1681920e-01   5.1681920e-01   5.1681920e-01
   2.8013582e-03   8.2982184e-04   2.1196972e-03   2.1195896e-03   2.1195891e-03   2.1195891e-03
   4.6081160e-02   7.7216577e-02   6.2306350e-02   6.2306264e-02   6.2306264e-02   6.2306264e-02
   5.2134680e-01   6.4282346e-01   3.6025025e-01   3.6025022e-01   3.6025022e-01   3.6025022e-01
   1.6620511e-01   9.4756027e-01   4.2803352e-01   4.2803436e-01   3.1386807e-01   4.2803437e-01
   7.5798823e-01   9.6263047e-01   7.3266553e-01   7.3266553e-01   7.3266553e-01   7.3266553e-01
   1.1929330e-03   1.2180001e-03   1.2023514e-03   1.2024380e-03   1.2024378e-03   1.2024378e-03
   4.6443626e-02   8.0676605e-02   4.4720108e-02   4.4724450e-02   4.4724457e-02   4.4724457e-02
   5.2419806e-01   6.4371316e-01   6.1780280e-01   6.1780280e-01   6.1780280e-01   6.1780280e-01
   2.2945948e-01   9.4692669e-01   3.0478315e-01   3.0478188e-01   3.0478185e-01   3.0478185e-01
   7.7052480e-01   9.6473712e-01   0.0000000e+00   0.0000000e+00   0.0000000e+00   0.0000000e+00
   5.1590281e-03   7.0917179e-03   5.8865472e-03   5.8864284e-03   5.8864285e-03   5.8864285e-03
   4.4081137e-02   8.0735427e-02   4.2370148e-02   4.2359661e-02   4.2359663e-02   4.2359663e-02
   5.2507994e-01   6.4409479e-01   5.5057417e-01   5.5057417e-01   5.5057417e-01   5.5057417e-01
   1.4809167e-01   9.4581689e-01   2.4641725e-01   2.4641741e-01   2.4641739e-01   2.4641740e-01
   7.9993898e-01   9.6802846e-01   5.9520585e-01   5.9520585e-01   5.9520585e-01   5.9520585e-01
   3.1762602e-03   1.1691433e-03   2.4259338e-03   2.4259754e-03   2.4259756e-03   2.4259756e-03
   4.1276041e-02   7.6697210e-02   3.9709033e-02   3.9708205e-02   3.9708203e-02   3.9708203e-02
   5.0461538e-01   6.4442379e-01   5.5086684e-01   5.5086684e-01   5.5086684e-01   5.5086684e-01
   7.6932642e-02   9.4573787e-01   2.9478907e-01   2.9478696e-01   6.6408735e-03   2.9478696e-01
   8.2347231e-01   9.7090076e-01   5.9960168e-01   5.9960168e-01   5.9960168e-01   5.9960168e-01
   4.8073910e-03   2.6443905e-03   4.4115505e-03   4.4126751e-03   4.4126757e-03   4.4126757e-03
   4.3117138e-02   7.6844032e-02   5.5991198e-02   5.5991341e-02   5.5991342e-02   5.5991342e-02
   5.2787029e-01   6.4542319e-01   5.8862296e-01   5.8862296e-01   5.8862296e-01   5.8862296e-01
   9.3481512e-02   9.4652391e-01   2.5736263e-01   2.5736983e-01   2.5736983e-01   2.5736983e-01
   9.9990000e+03   9.7398773e-01   6.3795637e-01   6.3795637e-01   6.3795637e-01   6.3795637e-01
   6.0482694e-03   1.9496645e-04   4.4905652e-04   4.5015377e-04   4.5015181e-04   4.5015181e-04
   3.6111098e-02   7.4510290e-02   5.0806601e-02   5.0806646e-02   5.0806647e-02   5.0806647e-02
   5.2859396e-01   6.4665280e-01   5.9012320e-01   5.9012320e-01   5.9012320e-01   5.9012320e-01
   1.3440649e-01   9.4633304e-01   1.8772976e-01   1.8772973e-01   1.8772974e-01   1.8772974e-01
   9.9990000e+03   9.7968271e-01   6.7124725e-01   6.7124725e-01   6.7124725e-01   6.7124725e-01
   1.0812619e-02   8.2430656e-03   7.9590708e-03   7.9609987e-03   7.9610011e-03   7.9610011e-03
   2.9925929e-02   7.4327811e-02   2.7494117e-02   2.7472159e-02   2.7472201e-02   2.7472201e-02
   5.3021030e-01   6.4758342e-01   5.9177006e-01   5.9177006e-01   5.9177006e-01   5.9177006e-01
   1.3759791e-01   9.4787524e-01   2.0606206e-01   1.2944954e-01   2.0606264e-01   2.0606264e-01
   9.9990000e+03   9.8953984e-01   9.4236343e-01   9.4236343e-01   8.9236424e-01   9.4236343e-01
   1.0556973e-02   1.8603683e-03   7.2044322e-03   7.2045637e-03   7.2045636e-03   7.2045636e-03
   3.1607747e-02   6.7440348e-02   2.9543030e-02   2.9548386e-02   2.9548383e-02   2.9548383e-02
   5.3271248e-01   6.5034519e-01   5.6043935e-01   5.6043935e-01   5.6043935e-01   5.6043935e-01
   1.7790294e-01   9.4992108e-01   1.7378317e-01   1.7378362e-01   1.7378361e-01   1.7378361e-01
   9.9990000e+03   9.9990000e+03   0.0000000e+00   0.0000000e+00   0.0000000e+00   0.0000000e+00
   1.0094321e-02   9.1832378e-04   1.2912300e-05   1.2915713e-05   1.2917975e-05   1.2917974e-05
   3.0980264e-02   6.6902693e-02   3.7843976e-02   3.7844371e-02   3.7844359e-02   3.7844359e-02
   5.3447978e-01   6.5161745e-01   5.9688946e-01   5.9688946e-01   5.9688946e-01   5.9688946e-01
   1.9115747e-01   9.5028409e-01   1.9870745e-01   1.9870794e-01   1.9870794e-01   1.9870794e-01
   9.9990000e+03   9.9990000e+03   9.4507479e-01   9.4507479e-01   9.1016184e-01   9.4507479e-01
   1.4419698e-02   2.8698444e-03   9.9654998e-03   9.9657411e-03   9.9657407e-03   9.9657407e-03
   2.6175829e-02   5.5327682e-02   3.7253082e-02   3.7253340e-02   3.7253340e-02   3.7253340e-02
   5.3436147e-01   6.5150483e-01   5.6259166e-01   5.6259166e-01   5.6259166e-01   5.6259166e-01
   1.6067528e-01   9.4955976e-01   8.0714108e-02   8.0714153e-02   8.0714151e-02   8.0714147e-02
   9.9990000e+03   9.9990000e+03   0.0000000e+00   0.0000000e+00   0.0000000e+00   0.0000000e+00
   1.3172069e-02   1.0185348e-03   2.2150675e-02   2.2150632e-02   2.2150629e-02   2.2150629e-02
   2.7973107e-02   5.8210820e-02   2.6233354e-02   2.6221494e-02   2.6221494e-02   2.6221494e-02
   5.3585315e-01   6.5266559e-01   6.3017502e-01   6.3017502e-01   6.3017502e-01   6.3017502e-01
   1.1978247e-01   9.4875126e-01   1.5473037e-01   1.5473052e-01   1.5473052e-01   1.5473052e-01
   9.9990000e+03   9.9990000e+03   0.0000000e+00   0.0000000e+00   0.0000000e+00   0.0000000e+00
   1.3592040e-02   6.7752307e-04   5.2576248e-04   5.2595608e-04   5.2594453e-04   5.2594453e-04
   3.2610547e-02   5.4532772e-02   3.1322649e-02   3.1321439e-02   3.1321445e-02   3.1321445e-02
   5.3742552e-01   6.5344590e-01   6.6835391e-01   6.6835391e-01   6.6835391e-01   6.6835391e-01
   1.5199395e-01   9.4933676e-01   1.1589677e-01   1.1589402e-01   1.1589402e-01   1.1589402e-01
   9.9990000e+03   9.9990000e+03   0.0000000e+00   0.0000000e+00   0.0000000e+00   0.0000000e+00
   1.3958688e-02   2.3995787e-03   9.4731616e-03   9.4732298e-03   9.4732296e-03   9.4732296e-03
   3.5971623e-02   6.1558529e-02   4.5695274e-02   4.5695083e-02   4.5695084e-02   4.5695084e-02
   5.3978782e-01   6.5550869e-01   5.6903844e-01   5.6903844e-01   5.6903844e-01   5.6903844e-01
   1.6998804e-01   9.4796433e-01   1.3897165e-01   1.3897162e-01   1.3897161e-01   1.3897161e-01
   9.9990000e+03   9.9990000e+03   9.5181309e-01   9.5181309e-01   9.5181309e-01   9.5181309e-01
   1.9577694e-02   7.4032193e-03   1.4825519e-02   1.4825356e-02   1.4825356e-02   1.4825356e-02
   2.8836433e-02   5.7856717e-02   3.9879341e-02   3.9879018e-02   3.9879017e-02   3.9879017e-02
   5.4630209e-01   6.5941829e-01   4.0300690e-01   4.0300690e-01   4.0300690e-01   4.0300690e-01
   1.6509260e-01   9.4774974e-01   1.3491404e-01   1.3491372e-01   1.3491372e-01   1.3491372e-01
   9.9990000e+03   9.9990000e+03   0.0000000e+00   0.0000000e+00   0.0000000e+00   0.0000000e+00
   1.7531017e-02   5.5639592e-03   1.2857592e-02   1.2857599e-02   1.2857597e-02   1.2857597e-02
   3.1854635e-02   6.3861395e-02   4.4103707e-02   4.4103576e-02   4.4103576e-02   4.4103576e-02
   5.4781741e-01   6.6072886e-01   6.0919273e-01   6.0919273e-01   6.0919273e-01   6.0919273e-01
   1.5530336e-01   9.4789228e-01   1.5267879e-01   1.5267883e-01   1.5267882e-01   1.5267882e-01
   9.9990000e+03   9.9990000e+03   0.0000000e+00   0.0000000e+00   0.0000000e+00   0.0000000e+00
   1.8021336e-02   3.6502438e-03   1.2373255e-02   1.2373100e-02   1.2373100e-02   1.2373100e-02
   3.4019009e-02   6.1792400e-02   4.4583122e-02   4.4583080e-02   4.4583079e-02   4.4583079e-02
   5.4976610e-01   6.6201974e-01   5.8000779e-01   5.8000779e-01   5.8000779e-01   5.8000779e-01
   1.2219477e-01   9.4949275e-01   8.4678136e-02   8.4677644e-02   8.4677654e-02   8.4677654e-02
   9.9990000e+03   9.9990000e+03   0.0000000e+00   0.0000000e+00   0.0000000e+00   0.0000000e+00
   2.2323571e-02   5.7820306e-03   4.4166530e-03   4.4210735e-03   4.4210686e-03   4.4210686e-03
   3.8481083e-02   6.8501441e-02   4.9915276e-02   4.9915454e-02   4.9915454e-02   4.9915454e-02
   5.5280620e-01   6.6369084e-01   6.1385757e-01   6.1385757e-01   6.1385757e-01   6.1385757e-01
   9.2926118e-02   9.4942453e-01   9.6508158e-02   9.6508211e-02   9.6508208e-02   9.6508208e-02
   9.9990000e+03   9.9990000e+03   0.0000000e+00   0.0000000e+00   0.0000000e+00   0.0000000e+00
   2.3529479e-02   6.5802357e-03   1.6873991e-02   1.6874054e-02   1.6874055e-02   1.6874055e-02
   3.6510603e-02   6.5989301e-02   6.0984905e-02   3.9049000e-02   3.9885535e-02   7.0677559e-02
   5.5539997e-01   6.6538549e-01   6.9855625e-01   6.9855625e-01   4.6489606e-01   6.9855625e-01
   1.4352940e-01   9.4861085e-01   9.5392576e-02   9.5392519e-02   9.5392518e-02   9.5392519e-02
   9.9990000e+03   9.9990000e+03   0.0000000e+00   0.0000000e+00   0.0000000e+00   0.0000000e+00
   2.9570379e-02   1.0966270e-02   9.4756765e-03   9.4752292e-03   9.4752328e-03   9.4752328e-03
   3.4126133e-02   6.6381330e-02   3.1920540e-02   3.1932104e-02   3.1932100e-02   3.1932100e-02
   5.6063592e-01   6.6758069e-01   5.8987501e-01   5.8987501e-01   5.8987501e-01   5.8987501e-01
   7.8521402e-02   9.4841697e-01   4.8756735e-02   4.8756616e-02   4.8756612e-02   4.8756614e-02
   9.9990000e+03   9.9990000e+03   0.0000000e+00   0.0000000e+00   0.0000000e+00   0.0000000e+00
   2.8501128e-02   7.6503860e-03   2.4247191e-02   2.4247298e-02   2.4247297e-02   2.4247297e-02
   3.7435262e-02   6.5422953e-02   5.2518894e-02   5.2518861e-02   5.2518862e-02   5.2518862e-02
   5.6780649e-01   6.7201570e-01   4.3926741e-01   4.3926742e-01   4.3926742e-01   4.3926742e-01
   1.3696818e-02   9.4666984e-01   2.4632814e-03   2.4631977e-03   2.4631938e-03   2.4631938e-03
   9.9990000e+03   9.9990000e+03   0.0000000e+00   0.0000000e+00   0.0000000e+00   0.0000000e+00
   3.1978161e-02   1.1321133e-02   2.4660315e-02   2.4660314e-02   2.4660315e-02   2.4660315e-02
   3.4307886e-02   6.7907654e-02   5.2541993e-02   5.2542001e-02   5.2542000e-02   5.2542000e-02
   5.7180849e-01   6.7483166e-01   6.5678715e-01   6.5678715e-01   6.5678715e-01   6.5678715e-01
   1.7668952e-02   9.4415819e-01   1.6424267e-02   1.6425070e-02   1.6425062e-02   1.6425062e-02
   9.9990000e+03   9.9990000e+03   0.0000000e+00   0.0000000e+00   0.0000000e+00   0.0000000e+00
   3.4017189e-02   6.8331932e-03   2.3408332e-02   2.3407998e-02   2.3407998e-02   2.3407998e-02
   3.4303930e-02   6.0335011e-02   4.4430282e-02   4.4430080e-02   4.4430081e-02   4.4430081e-02
   5.7525894e-01   6.7816661e-01   6.0414001e-01   6.0414001e-01   6.0414001e-01   6.0414001e-01
   3.2840300e-02   9.4132771e-01   6.4372328e-02   6.4372538e-02   6.4372538e-02   6.4372538e-02
   9.9990000e+03   9.9990000e+03   0.0000000e+00   0.0000000e+00   0.0000000e+00   0.0000000e+00
   3.0409986e-02   1.0786557e-02   2.2770381e-02   2.2770629e-02   2.2770628e-02   2.2770628e-02
   3.0913536e-02   7.2000433e-02   4.7191399e-02   4.7191563e-02   4.7191563e-02   4.7191563e-02
   5.8070146e-01   6.8089502e-01   4.5974658e-01   4.5974657e-01   4.5974657e-01   4.5974657e-01
   4.3636957e-02   9.3973328e-01   4.7302426e-02   4.7302396e-02   4.7302396e-02   4.7302396e-02
   9.9990000e+03   9.9990000e+03   0.0000000e+00   0.0000000e+00   0.0000000e+00   0.0000000e+00
   3.0330369e-02   8.6512296e-03   2.1829412e-02   2.1829430e-02   2.1829430e-02   2.1829430e-02
   2.8674858e-02   6.4538792e-02   4.2766343e-02   4.2766315e-02   4.2766315e-02   4.2766316e-02
   5.8699311e-01   6.8578184e-01   6.4273725e-01   6.4273725e-01   6.4273725e-01   6.4273725e-01
   6.8997091e-03   9.3868234e-01   1.4022070e-01   1.4022071e-01   1.4022070e-01   1.4022070e-01
   9.9990000e+03   9.9990000e+03   0.0000000e+00   0.0000000e+00   0.0000000e+00   0.0000000e+00
   3.6705358e-02   1.5683197e-02   1.4254499e-02   1.4254912e-02   1.4254920e-02   1.4254920e-02
   2.0838458e-02   5.9806483e-02   1.7874148e-02   1.7877932e-02   1.7877926e-02   1.7877926e-02
   5.8666730e-01   6.8570485e-01   6.9734893e-01   6.9734893e-01   6.9734893e-01   6.9734893e-01
   8.6307231e-03   9.3919666e-01   1.1245369e-01   1.1245397e-01   1.1245397e-01   1.1245397e-01
   9.9990000e+03   9.9990000e+03   0.0000000e+00   0.0000000e+00   0.0000000e+00   0.0000000e+00
   3.6505054e-02   1.6779295e-02   1.5466659e-02   1.5466859e-02   1.5466859e-02   1.5466859e-02
   1.6176597e-02   5.9562716e-02   3.3310245e-02   3.3310650e-02   3.3310650e-02   3.3310650e-02
   5.8885862e-01   6.8733314e-01   4.7467046e-01   4.7467046e-01   4.7467046e-01   4.7467046e-01
   7.3191410e-03   9.4049154e-01   1.1507144e-01   1.1507144e-01   1.1507144e-01   1.1507144e-01
   9.9990000e+03   9.9990000e+03   0.0000000e+00   0.0000000e+00   0.0000000e+00   0.0000000e+00
   3.5479681e-02   1.8007891e-02   3.1772948e-02   3.1772892e-02   3.1772886e-02   3.1772886e-02
   2.0967865e-02   6.6036107e-02   7.4170691e-02   5.4692734e-02   3.1648163e-02   7.4170752e-02
   5.9107724e-01   6.8768417e-01   6.4632264e-01   6.4632264e-01   6.4632264e-01   6.4632264e-01
   1.3947748e-02   9.4284962e-01   1.3638120e-01   1.3638121e-01   1.3638121e-01   1.3638121e-01
   9.9990000e+03   9.9990000e+03   0.0000000e+00   0.0000000e+00   0.0000000e+00   0.0000000e+00
   3.2943281e-02   8.7880051e-03   2.3975623e-02   2.3975624e-02   2.3975623e-02   2.3975623e-02
   2.6084995e-02   6.2698004e-02   3.4690222e-02   3.4690214e-02   3.4690207e-02   3.4690207e-02
   5.8980611e-01   6.8638989e-01   6.1914964e-01   6.1914964e-01   6.1914964e-01   6.1914964e-01
   4.6428903e-02   9.4408487e-01   1.9000634e-01   1.9000633e-01   1.9000633e-01   1.9000633e-01
   9.9990000e+03   9.9990000e+03   0.0000000e+00   0.0000000e+00   0.0000000e+00   0.0000000e+00
   3.3961533e-02   1.2910857e-02   2.9615858e-02   2.9615785e-02   2.9615794e-02   2.9615794e-02
   1.9767690e-02   6.3188721e-02   1.6689584e-02   1.6686716e-02   1.6686700e-02   1.6686700e-02
   5.8985561e-01   6.8615157e-01   4.7462015e-01   4.7462015e-01   4.7462015e-01   4.7462015e-01
   1.1893290e-01   9.4451070e-01   1.1364407e-01   1.1364402e-01   1.1364402e-01   1.1364402e-01
   9.9990000e+03   9.9990000e+03   0.0000000e+00   0.0000000e+00   0.0000000e+00   0.0000000e+00
   3.4874391e-02   1.3325203e-02   2.6564398e-02   2.6563911e-02   2.6563909e-02   2.6563909e-02
   1.9545941e-02   6.1482293e-02   4.2854764e-02   4.2854770e-02   4.2854768e-02   4.2854768e-02
   5.9463197e-01   6.8830525e-01   4.8142260e-01   4.8142260e-01   4.8142260e-01   4.8142260e-01
   1.7841730e-01   9.4509916e-01   1.7041424e-01   1.7041422e-01   1.7041422e-01   1.7041422e-01
   9.9990000e+03   9.9990000e+03   0.0000000e+00   0.0000000e+00   0.0000000e+00   0.0000000e+00
   2.7829379e-02   5.4873005e-03   4.3038775e-02   3.3590476e-02   4.3039409e-02   4.3039409e-02
   2.3226296e-02   6.3015190e-02   3.9469668e-02   3.9469635e-02   3.9469636e-02   3.9469636e-02
   5.9430329e-01   6.8774854e-01   4.7921467e-01   4.7921467e-01   4.7921467e-01   4.7921467e-01
   2.0364900e-01   9.4618596e-01   1.7268954e-01   1.7268945e-01   1.7268945e-01   1.7268945e-01
   9.9990000e+03   9.9990000e+03   0.0000000e+00   0.0000000e+00   0.0000000e+00   0.0000000e+00
   3.1883582e-02   9.8060192e-03   2.3746059e-02   2.3746060e-02   2.3746059e-02   2.3746059e-02
   2.6767656e-02   6.7795938e-02   2.4222664e-02   2.4221333e-02   2.4221324e-02   2.4221324e-02
   5.9600028e-01   6.8843511e-01   6.2319767e-01   6.2319767e-01   6.2319767e-01   6.2319767e-01
   2.2222308e-01   9.4660014e-01   2.0609557e-01   2.0609556e-01   2.0609556e-01   2.0609556e-01
   9.9990000e+03   9.9990000e+03   0.0000000e+00   0.0000000e+00   0.0000000e+00   0.0000000e+00
   4.1149509e-02   1.4774162e-02   3.0918829e-02   3.0918392e-02   3.0918392e-02   3.0918392e-02
   1.5969845e-02   6.1032762e-02   3.4478153e-02   3.4478133e-02   3.4478132e-02   3.4478132e-02
   5.9583249e-01   6.8949417e-01   6.2429354e-01   6.2429354e-01   6.2429354e-01   6.2429354e-01
   2.1594794e-01   9.4457925e-01   2.4056155e-01   2.4056155e-01   2.4056155e-01   2.4056155e-01
   9.9990000e+03   9.9990000e+03   0.0000000e+00   0.0000000e+00   0.0000000e+00   0.0000000e+00
   3.7161384e-02   1.0982059e-02   2.6946239e-02   2.6946413e-02   2.6946413e-02   2.6946413e-02
   1.6619412e-02   6.2387322e-02   4.2288977e-02   4.2288956e-02   4.2288955e-02   4.2288955e-02
   6.0200169e-01   6.9429129e-01   4.9323702e-01   4.9323704e-01   4.9323704e-01   4.9323704e-01
   1.9277441e-01   9.4414180e-01   3.4544914e-01   3.4544910e-01   3.4544915e-01   3.4544915e-01
   9.9990000e+03   9.9990000e+03   0.0000000e+00   0.0000000e+00   0.0000000e+00   0.0000000e+00
   3.7373006e-02   9.4447491e-03   5.5597755e-02   5.5599398e-02   1.0746441e-02   5.5599397e-02
   1.6990005e-02   6.0855190e-02   3.4949280e-02   3.4949280e-02   3.4949280e-02   3.4949280e-02
   6.0186144e-01   6.9605952e-01   6.8355449e-01   6.8355449e-01   6.8355449e-01   6.8355449e-01
   1.8588235e-01   9.4333290e-01   2.1545995e-01   8.2218813e-03   2.1546001e-01   2.1546001e-01
   9.9990000e+03   9.9990000e+03   0.0000000e+00   0.0000000e+00   0.0000000e+00   0.0000000e+00
   3.6010151e-02   5.6358541e-03   4.3591431e-03   4.3559140e-03   4.3559323e-03   4.3559323e-03
   1.8438200e-02   6.3694965e-02   7.2811070e-02   2.5131626e-03   5.5732121e-03   7.2801297e-02
   6.0720236e-01   7.0092463e-01   6.3879029e-01   6.3879029e-01   6.3879029e-01   6.3879029e-01
   1.7772571e-01   9.4111685e-01   2.0759230e-01   2.0759229e-01   2.0759230e-01   2.0759230e-01
   9.9990000e+03   9.9990000e+03   0.0000000e+00   0.0000000e+00   0.0000000e+00   0.0000000e+00
   3.4546366e-02   5.5089181e-03   2.3118596e-02   2.3118732e-02   2.3118731e-02   2.3118731e-02
   1.4832998e-02   5.8647384e-02   2.8719411e-02   2.8716417e-02   2.8716552e-02   2.8716550e-02
   6.1365026e-01   7.0538758e-01   6.6808205e-01   6.6808205e-01   6.6808205e-01   6.6808205e-01
   1.9059699e-01   9.4034495e-01   2.0387798e-01   2.0387807e-01   2.0387807e-01   2.0387807e-01
   9.9990000e+03   9.9990000e+03   0.0000000e+00   0.0000000e+00   0.0000000e+00   0.0000000e+00
   3.1273208e-02   4.1578421e-03   2.0627061e-02   2.0627035e-02   2.0627034e-02   2.0627034e-02
   1.2688181e-02   5.4036876e-02   2.9617346e-02   2.9617337e-02   2.9617339e-02   2.9617339e-02
   6.1712491e-01   7.0895187e-01   6.7196085e-01   6.7196085e-01   6.7196085e-01   6.7196085e-01
   2.0255736e-01   9.3886391e-01   1.9816879e-01   1.9816870e-01   1.9816870e-01   1.9816870e-01
   9.9990000e+03   9.9990000e+03   0.0000000e+00   0.0000000e+00   0.0000000e+00   0.0000000e+00
   3.0218850e-02   6.8704082e-03   2.5406674e-02   2.5406729e-02   2.5406729e-02   2.5406729e-02
   1.6263274e-02   5.4067091e-02   2.6670266e-02   2.6670263e-02   2.6670258e-02   2.6670258e-02
   6.1971475e-01   7.1105256e-01   5.1633828e-01   5.1633828e-01   5.1633828e-01   5.1633828e-01
   2.3850347e-01   9.3938218e-01   1.5919909e-01   1.5919859e-01   1.5919859e-01   1.5919859e-01
   9.9990000e+03   9.9990000e+03   0.0000000e+00   0.0000000e+00   0.0000000e+00   0.0000000e+00
   3.2659843e-02   1.1640041e-02   2.4574347e-02   2.4574477e-02   2.4574477e-02   2.4574477e-02
   1.1257107e-02   5.6096030e-02   3.0005672e-02   3.0005635e-02   3.0005636e-02   3.0005636e-02
   6.2316131e-01   7.1295609e-01   6.5412678e-01   3.5214207e-01   6.5412677e-01   6.5412677e-01
   2.8268903e-01   9.4023693e-01   2.0204247e-01   2.0204245e-01   2.0204245e-01   2.0204245e-01
   9.9990000e+03   9.9990000e+03   0.0000000e+00   0.0000000e+00   0.0000000e+00   0.0000000e+00
   3.6563195e-02   1.9766275e-02   1.9118311e-02   1.9117386e-02   1.9117363e-02   1.9117363e-02
   1.8929591e-02   6.1994163e-02   1.6107840e-02   1.6099803e-02   1.6099774e-02   1.6099774e-02
   6.2165518e-01   7.1069734e-01   6.5191023e-01   6.5191023e-01   6.5191023e-01   6.5191023e-01
   3.0979303e-01   9.4520483e-01   6.8537993e-02   6.8539003e-02   6.8539003e-02   6.8538999e-02
   9.9990000e+03   9.9990000e+03   0.0000000e+00   0.0000000e+00   0.0000000e+00   0.0000000e+00
   3.9250483e-02   2.5974978e-02   3.4173769e-02   3.4173486e-02   3.4173486e-02   3.4173486e-02
   1.0341941e-02   3.9652079e-02   8.4211242e-03   8.4218174e-03   8.4218141e-03   8.4218141e-03
   6.2298670e-01   7.1084442e-01   6.5310807e-01   6.5310807e-01   6.5310807e-01   6.5310807e-01
   3.0746570e-01   9.5282391e-01   8.5074387e-02   8.5074437e-02   8.5074437e-02   8.5074437e-02
   9.9990000e+03   9.9990000e+03   0.0000000e+00   0.0000000e+00   0.0000000e+00   0.0000000e+00
   4.7958193e-02   2.9110251e-02   2.8391249e-02   2.8391945e-02   2.8391936e-02   2.8391936e-02
   1.0588678e-02   2.5267575e-02   1.6511452e-02   1.6511402e-02   1.6511403e-02   1.6511403e-02
   6.2926879e-01   7.1377563e-01   6.5835976e-01   6.5835976e-01   6.5835976e-01   6.5835976e-01
   3.1156415e-01   9.6070163e-01   6.4484118e-02   6.4484079e-02   6.4484080e-02   6.4484080e-02
   9.9990000e+03   9.9990000e+03   0.0000000e+00   0.0000000e+00   0.0000000e+00   0.0000000e+00
   6.1830469e-02   3.5060604e-02   5.6449821e-02   5.6449820e-02   5.6449825e-02   5.6449825e-02
   3.9815706e-03   8.9348184e-03   9.8685915e-03   9.8686148e-03   9.8686122e-03   9.8686107e-03
   6.2683835e-01   7.1278777e-01   6.7802437e-01   6.7802437e-01   6.6137891e-01   6.7802437e-01
   3.2198579e-01   9.6143311e-01   1.7602370e-01   1.7602369e-01   1.7602368e-01   1.7602368e-01
   9.9990000e+03   9.9990000e+03   0.0000000e+00   0.0000000e+00   0.0000000e+00   0.0000000e+00
   5.7349672e-02   3.7856754e-02   4.9765927e-02   4.9765935e-02   4.9765940e-02   4.9765940e-02
   1.5967836e-02   2.4614937e-02   2.0792596e-02   2.0792913e-02   2.0792912e-02   2.0792912e-02
   6.2311076e-01   7.1116624e-01   7.2129349e-01   7.2129349e-01   7.2129349e-01   7.2129349e-01
   3.0509967e-01   9.6800087e-01   1.4659622e-01   1.4659623e-01   1.4659623e-01   1.4659623e-01
   9.9990000e+03   9.9990000e+03   0.0000000e+00   0.0000000e+00   0.0000000e+00   0.0000000e+00
   5.6938114e-02   3.6592898e-02   3.5873109e-02   3.5873327e-02   3.5873316e-02   3.5873316e-02
   1.0474505e-02   1.2244137e-02   1.0340150e-02   1.0349267e-02   1.0349237e-02   1.0349237e-02
   6.2807912e-01   7.1435344e-01   5.2651610e-01   5.2651607e-01   5.2651607e-01   5.2651607e-01
   2.9886333e-01   9.6942898e-01   1.2449380e-01   1.2449379e-01   1.2449379e-01   1.2449379e-01
   9.9990000e+03   9.9990000e+03   0.0000000e+00   0.0000000e+00   0.0000000e+00   0.0000000e+00
