   2.0079492e-14   7.2567988e-14   7.7593568e-10   5.3450198e-12   5.9886204e-15   5.1255545e-14
   1.8978991e-13   3.4583057e-13   9.8885506e-11   1.9988094e-11   1.8462826e-14   1.5683476e-14
   3.7302062e-13   2.7961061e-13   4.9889123e-11   1.8544489e-12   5.4509822e-15   2.4777192e-16
   1.0888441e-15   1.3283898e-13   2.3248550e-10   2.0592764e-13   9.5273860e-15   2.8582158e-15
   3.4998950e-13   1.9602894e-09   7.5117993e-10   1.1752283e-10   1.9211834e-14   5.9532003e-10
   4.2775001e-14   5.4241991e-13   3.2802246e-09   9.4415367e-10   1.2273135e-13   2.2818818e-13
   9.4499891e-14   1.2263433e-12   7.1288993e-07   2.0282263e-10   9.0355159e-14   8.1236749e-15
   1.4851847e-13   3.7053998e-14   1.7239940e-12   5.0211948e-14   1.2099265e-15   2.2686121e-15
   2.9949466e-13   5.0336120e-13   1.0625770e-08   6.3184336e-11   1.1622495e-13   2.6061290e-14
   7.5023374e-14   6.6658399e-15   1.4336282e-08   1.5037949e-06   1.3825736e-12   2.8784155e-10
   2.1068585e-13   3.0433399e-12   3.7329729e-11   2.8929171e-09   6.3490263e-14   1.4974119e-15
   2.3287670e-15   1.2264840e-14   9.9678216e-11   4.4366117e-12   7.1415523e-15   1.1977625e-12
   1.5608898e-14   4.5134164e-14   2.3183916e-12   6.5256479e-13   2.8208852e-15   2.1250669e-14
   4.1563684e-13   1.5269413e-09   3.6585020e-11   8.3325893e-11   1.9220201e-14   8.3866624e-08
   2.9245688e-15   2.2046749e-13   2.9667707e-08   1.0540775e-08   9.8872921e-14   7.0515740e-11
   3.6241975e-14   4.0340123e-10   9.7252100e-09   1.6553870e-09   7.5855296e-14   1.1356260e-11
   2.2232508e-14   9.2087311e-15   4.6176453e-08   1.2239703e-08   6.8407717e-15   1.1971350e-14
   1.1680382e-15   1.1461375e-13   2.1364897e-08   3.1669749e-11   3.4165116e-14   4.6721527e-15
   1.9697319e-13   1.9019608e-14   1.2726013e-06   1.1746525e-09   5.8567277e-13   3.2792428e-15
   1.5870720e-13   5.2166714e-14   7.1851554e-07   4.1412791e-09   1.3021614e-13   3.6548803e-12
   4.7703219e-14   2.0054823e-14   7.9224085e-10   1.8812787e-11   1.1877128e-14   1.0686339e-10
   2.7593382e-14   1.1268005e-11   1.7575722e-10   9.5063917e-12   3.1602677e-14   6.8275932e-14
   1.2054965e-13   2.2184192e-10   6.0640994e-09   5.2123119e-11   3.0221362e-15   1.3767509e-14
   8.8720408e-14   7.5662096e-13   1.3928747e-11   4.3086201e-09   1.8196009e-14   3.9734168e-06
   3.7909675e-13   7.7540445e-13   1.9881573e-10   1.9615920e-12   1.4361452e-14   3.1914339e-15
   5.6355150e-13   6.3720073e-12   1.0702046e-08   8.2866291e-12   4.6828061e-15   2.5836172e-15
   5.2194884e-13   5.0415513e-14   5.6412937e-11   4.8258699e-13   9.4360585e-16   6.3356393e-15
   3.4788077e-13   3.2002726e-13   5.9381961e-11   5.7124462e-10   5.1865162e-15   2.3454118e-08
   1.1456889e-14   1.0221454e-12   3.8532813e-09   5.0608897e-12   3.2461185e-14   7.2376985e-11
   2.1208255e-13   1.7938079e-12   1.3322560e-09   1.0143193e-10   8.5828130e-15   4.8511552e-15
   5.3715127e-14   4.2409138e-12   6.4157951e-06   1.6706877e-09   9.2803023e-14   8.6813233e-12
   1.9694243e-13   1.9993465e-13   2.3314652e-10   2.9977957e-11   2.4481794e-14   8.0517900e-14
   3.7446349e-13   1.3733541e-12   8.6366038e-07   6.2758954e-09   7.4677853e-12   2.3470763e-10
   1.0104982e-13   2.7893704e-13   4.1648338e-11   1.3465074e-14   2.4706558e-16   2.7177213e-15
   5.5895943e-14   1.8267605e-10   1.1319573e-09   6.1596083e-11   1.8589037e-12   9.5227363e-11
   4.2145908e-14   7.6253989e-12   3.5690720e-09   9.5916059e-12   4.4152856e-15   1.0006643e-11
   2.5845233e-14   6.7657393e-12   9.4853575e-10   9.8903652e-10   4.8263473e-14   1.1591801e-11
   8.7989431e-15   2.3721479e-11   1.7583179e-09   2.9639868e-12   2.2154482e-14   1.5712398e-16
   1.5121267e-13   9.0505232e-12   1.0365183e-09   8.0122190e-13   7.5264227e-15   1.7105506e-15
   2.9345895e-13   3.2410825e-12   1.5018736e-10   1.2589053e-11   9.8077750e-14   5.1431236e-10
   9.9794487e-15   5.1780689e-13   4.0707155e-11   8.8268926e-14   1.6866674e-15   1.4055562e-16
   2.4834888e-13   1.5630120e-12   1.9814447e-11   1.4053653e-10   2.9429097e-15   2.4360916e-11
   3.7547058e-14   2.3692194e-12   4.1202046e-08   1.0327922e-10   3.0574033e-14   1.3409664e-15
   7.5854531e-14   8.2241247e-13   9.6544090e-10   5.8124655e-10   1.9258404e-14   2.7118977e-14
   2.4423432e-13   1.2801778e-12   1.3427542e-09   1.1583172e-13   1.2827433e-14   3.9765041e-15
   9.4305742e-13   1.5105681e-11   7.0078106e-10   3.3010654e-12   2.1620842e-14   2.0649119e-14
   5.3267942e-14   7.4282747e-11   1.4108625e-08   7.6576428e-13   1.8658827e-14   3.0094882e-16
   1.2644293e-14   3.6593567e-09   3.2516771e-08   1.4548165e-09   2.2681916e-13   3.5773621e-13
   1.1536241e-14   5.8079006e-14   4.3856014e-11   4.8498755e-11   1.1337340e-14   3.1824113e-15
   1.4305534e-14   3.3263708e-13   1.6934449e-10   9.8546543e-11   2.1030471e-13   1.8041186e-09
   8.2825102e-14   6.6833257e-11   1.6616412e-09   8.2311587e-11   1.8059609e-14   1.3731976e-07
   2.0558251e-13   3.8453757e-09   4.7077714e-08   1.9131094e-10   3.9785392e-14   1.1832087e-15
   2.6712231e-13   6.0625428e-13   2.3497423e-10   1.6663451e-11   5.9076662e-15   3.0640031e-13
   4.2660815e-13   9.6904270e-14   7.0630025e-12   5.4006069e-12   3.3257087e-15   3.8991067e-15
   4.3855277e-13   4.4180131e-15   9.1921181e-11   1.1855868e-12   3.2485390e-15   5.6524579e-14
   1.5526128e-13   2.7565035e-11   1.6901270e-08   3.7857440e-11   2.0527333e-14   3.9188544e-15
   1.9537949e-14   9.6985672e-14   1.0530350e-08   4.6409000e-10   1.6528048e-13   3.8723862e-15
   5.8030194e-14   2.5992501e-11   1.8332414e-08   1.1684326e-11   1.5231022e-15   3.0462044e-15
   2.2860266e-13   8.8988462e-12   2.8694295e-07   4.9639932e-10   1.1295287e-13   3.2957808e-12
   5.4559361e-13   4.4132853e-11   6.5048395e-08   7.5277617e-10   5.8541061e-13   9.2612311e-14
   2.1367727e-13   8.9378366e-10   3.4423033e-08   3.5207275e-09   2.0529356e-13   3.2655663e-09
   2.3659037e-13   5.0861131e-12   2.7793729e-10   2.0465502e-11   1.2467385e-14   1.3553783e-09
   3.2355178e-13   3.8378862e-12   4.3974860e-08   4.0910712e-10   1.8300710e-14   1.9652332e-13
   5.7642568e-14   2.0943466e-14   1.4265229e-10   3.7262077e-12   3.6506959e-15   1.6773987e-13
   1.9767977e-14   1.4399239e-11   4.5938931e-07   7.3017019e-10   1.4367447e-13   6.9197185e-09
   2.3708547e-13   5.9523155e-10   6.4039066e-06   2.4146418e-07   1.3470844e-10   2.5076489e-04
   5.9209216e-13   1.4027834e-10   2.4535889e-08   4.5225001e-09   1.0683831e-13   2.8699350e-13
   6.8317689e-14   5.0255227e-13   8.3803981e-07   1.7212848e-09   9.4187886e-13   3.1551853e-10
   6.1111985e-14   3.9873267e-12   1.6833513e-09   3.6520906e-10   1.2913362e-13   2.1496678e-15
   1.3824142e-13   2.1184564e-12   1.7038087e-10   2.5537861e-11   2.1670277e-14   7.0275641e-06
   1.0675317e-14   1.5591581e-14   2.3682250e-09   1.9752005e-11   2.3668301e-13   5.7590525e-15
   9.0702154e-14   5.0759535e-13   4.3393720e-11   2.8664827e-12   5.6820375e-15   1.1511471e-09
   6.7527111e-16   4.7494068e-14   4.0267343e-07   2.7617195e-09   1.5058546e-13   1.9807953e-14
   4.4097384e-13   9.6631156e-13   2.2511571e-09   5.6334372e-11   2.1323360e-13   2.6478148e-14
   1.7958597e-14   1.1663203e-12   1.5027836e-10   4.6329885e-13   2.3560361e-14   2.2318911e-11
   6.8791338e-14   3.5713464e-13   9.6363244e-11   2.6598914e-12   5.8031357e-15   2.1120996e-13
   2.2955004e-15   1.8511298e-12   1.0128916e-09   1.7739244e-11   1.5685919e-14   2.3911462e-14
   1.8738263e-14   3.8347750e-11   3.6229493e-08   3.1745565e-12   1.3201001e-13   8.4216911e-16
   8.0751369e-14   2.9187242e-14   1.5356390e-09   1.3013451e-10   2.1820938e-14   2.4094763e-12
   2.3707344e-13   6.4496483e-14   5.6668056e-10   3.0613744e-11   1.3876516e-14   7.8177555e-16
   7.5410809e-15   1.4010942e-12   7.9408549e-11   1.7901946e-11   3.4804989e-15   1.1321289e-12
   2.0266015e-14   2.8527518e-11   3.7209079e-06   1.0039537e-08   8.2821826e-13   2.7752405e-10
   1.0426977e-13   2.5298369e-09   3.2701672e-08   1.8817764e-10   6.1219776e-13   5.9727996e-12
   2.3585250e-13   6.1454526e-14   1.0442453e-11   2.6851808e-11   4.9163621e-14   2.2588691e-14
   1.3454030e-14   2.4223817e-12   1.4913708e-09   1.9375444e-12   4.4299854e-15   5.9066472e-15
   2.5979507e-15   1.7249025e-12   6.8773933e-09   1.0772113e-09   5.8016341e-13   1.4904033e-14
   8.5369187e-15   1.2758949e-12   8.6023684e-12   3.2799740e-12   1.8871083e-14   2.0967870e-14
   1.3582384e-14   7.7708576e-13   1.1348226e-10   2.9374073e-12   6.5022051e-15   2.1674017e-15
   7.7966296e-14   1.1163356e-12   1.3428520e-08   1.1624638e-09   3.6451775e-14   8.7163619e-13
   1.7653067e-13   9.1690557e-14   1.0084234e-08   7.0719504e-11   1.0407405e-14   3.0300040e-15
   8.0082049e-13   2.2784851e-13   1.0220850e-08   6.0657265e-11   7.1761111e-14   2.2003018e-12
   5.4259587e-14   5.1393764e-14   5.8266653e-08   2.0891726e-08   1.1535894e-12   5.0193939e-12
   2.4166978e-13   4.5999064e-10   2.8095282e-10   5.3180645e-12   3.9613638e-14   9.1507504e-12
   1.3408527e-13   3.1298909e-13   3.2820999e-10   8.9222559e-10   4.1608411e-13   1.7508128e-10
   2.7670770e-14   4.0911997e-14   4.8318377e-08   1.4149540e-09   1.3377035e-13   4.9039395e-11
   7.7267894e-15   1.8798010e-14   1.8670459e-08   1.7874936e-10   1.0033294e-14   8.2609066e-11
   7.0736508e-14   4.3393909e-12   6.2006523e-11   2.0267252e-09   1.7238468e-13   5.5227007e-11
   6.4471410e-15   4.3632587e-13   9.2948931e-10   3.3402638e-11   2.5372620e-14   7.1193283e-11
   1.0398703e-13   8.4830850e-11   7.8792266e-08   1.6286436e-10   0.0000000e+00   1.7357470e-15
   9.7149766e-14   3.3208278e-13   2.5524949e-10   3.7152506e-13   1.5882795e-15   5.2942652e-15
   2.5368529e-13   3.0872579e-14   4.4744249e-08   6.1269503e-10   3.1200016e-13   1.4673986e-11
   9.5577994e-14   8.8544115e-14   1.0953673e-10   3.7268177e-11   1.9860362e-14   2.0687877e-14
   1.3911864e-14   1.3424068e-12   7.9164140e-09   4.9961202e-12   1.7609954e-16   5.2829863e-16
   1.5315593e-13   4.8120166e-11   8.8747960e-08   2.8802399e-08   5.0882686e-13   8.3099773e-06
   1.1597774e-14   3.3062275e-11   6.7809440e-07   1.1400869e-09   1.9642554e-12   3.9902610e-13
   5.2011813e-13   2.9026556e-12   7.8114017e-10   9.5959571e-12   8.0910262e-15   1.0113783e-14
   3.6762695e-13   1.1075512e-14   8.9896466e-11   1.2241777e-12   8.0063946e-16   4.0031973e-16
   2.1454533e-14   9.2817191e-12   7.7723747e-10   1.1742181e-12   5.6526913e-15   1.9013598e-13
   2.3724459e-13   1.4488142e-12   3.0557319e-10   1.7641898e-11   1.2293123e-14   1.5186455e-10
   8.7804094e-14   3.9917818e-13   1.0490913e-03   2.6401566e-07   3.1094168e-11   2.0839895e-07
   4.3618307e-14   2.7571864e-12   1.8633827e-09   2.0029081e-11   3.7887434e-14   2.5470544e-15
   2.0073198e-13   2.8369851e-12   8.3849604e-10   4.1690178e-11   7.5912697e-14   1.5679667e-13
   3.6152389e-14   1.8076194e-13   6.9448325e-09   7.0162605e-11   1.9625582e-14   8.9520200e-15
   2.1230185e-13   5.7246889e-14   2.0031283e-10   3.4756459e-12   3.6898469e-14   2.1447235e-13
   1.1441809e-13   3.2643313e-11   3.2495919e-10   6.3299630e-11   2.3572376e-13   1.6345988e-10
   3.0840138e-14   1.8536133e-10   8.9044873e-09   1.3050953e-11   4.7920830e-14   8.8961937e-15
   8.9680050e-15   8.5503171e-14   1.6786631e-11   2.2926152e-12   2.3709931e-14   4.0497177e-11
   3.7956736e-14   2.5360474e-14   1.4648396e-08   5.5272901e-11   6.7180063e-15   9.4891839e-14
   5.6726846e-15   2.2955464e-13   7.0648200e-10   1.7931545e-11   3.1975032e-13   1.1345369e-15
   2.3265076e-15   3.8115950e-13   6.2877792e-09   3.7978095e-09   1.6285553e-14   6.4625212e-16
   2.4763940e-15   1.2534364e-13   1.5024519e-08   3.2924764e-10   1.2953446e-14   5.9052473e-15
   3.4588122e-13   9.0879672e-13   3.2767397e-10   7.8666329e-10   3.3049651e-13   1.1434506e-09
   3.2588929e-14   6.4329188e-14   3.4413788e-07   8.8953739e-10   7.3274170e-13   2.4676749e-08
   2.2839574e-13   6.8264595e-13   9.1667288e-08   3.2845451e-10   1.5882875e-16   2.8589174e-15
   3.4927409e-13   1.3959450e-14   1.9087104e-08   8.5984458e-12   2.8782372e-16   5.7564744e-16
   2.6308972e-13   1.3880669e-11   7.4134983e-08   9.3760079e-11   2.5344769e-14   4.4077858e-15
   2.7300141e-14   1.9481684e-12   2.6865751e-09   2.5328465e-12   1.0237553e-14   3.3670174e-13
   8.5995988e-16   1.3716360e-13   4.3490077e-10   8.4013780e-12   5.4464126e-15   7.0277355e-12
   2.2375251e-14   5.2608164e-13   5.2412527e-09   7.0827805e-11   2.0795822e-14   3.4352592e-14
   3.5892700e-14   2.7030305e-14   4.7930048e-12   5.4022945e-12   2.4371586e-15   1.7405744e-12
   2.8984589e-14   3.5066177e-14   9.1467170e-09   2.9135464e-11   5.4216709e-14   1.2939549e-13
   6.1207825e-14   3.9876593e-13   1.4005320e-07   7.1010431e-11   2.1961611e-14   5.5514073e-14
   2.1623630e-15   5.2171905e-10   3.7049868e-07   2.3545755e-10   2.7029538e-13   5.5203856e-14
   6.7992837e-14   1.6103567e-14   1.0348207e-08   4.3525334e-09   8.4454261e-14   2.1113565e-14
   9.9918418e-14   1.1898331e-13   2.2403110e-10   2.3684110e-12   2.9860677e-14   1.9593198e-13
   3.7611405e-16   4.3817286e-14   2.2394961e-09   4.0101280e-11   9.0267371e-15   6.9581099e-15
   1.4167922e-14   5.7373465e-12   1.1687002e-08   3.1203460e-09   2.2386641e-12   2.1697355e-07
   9.1892338e-14   6.9773832e-14   1.9577992e-09   5.7424447e-10   7.9144036e-13   7.8578003e-11
   1.6322132e-14   2.8413567e-10   3.3656817e-01   3.3658605e-01   3.3658641e-01   3.3658641e-01
   2.2587980e-14   3.5050314e-14   2.2351066e-11   4.0463640e-13   2.2068716e-15   5.9388214e-12
   3.2893208e-14   3.2228688e-11   4.5272305e-08   1.2456261e-10   4.9915763e-15   4.8687067e-13
   1.3376137e-13   8.6394843e-12   3.5763873e-11   2.6660599e-12   2.1251806e-14   3.7503187e-15
   6.7609333e-14   2.2423439e-12   2.7013170e-07   2.4523613e-08   2.6578798e-13   2.5183992e-14
   4.3527915e-14   5.5233855e-14   1.0949662e-09   6.1195929e-12   5.4892905e-14   1.3410689e-13
   3.9940960e-14   1.8896207e-10   8.7504341e-08   4.8615365e-08   5.9489454e-12   4.6939151e-02
   6.2871353e-14   1.7430162e-10   4.6554966e-12   3.9735965e-12   9.5259625e-16   1.7566510e-11
   1.6321031e-13   5.2064087e-11   8.0417772e-11   1.2424253e-13   4.5433276e-15   7.7061825e-14
   3.6451249e-13   4.9733461e-12   5.1160758e-09   9.1478452e-09   1.5250012e-13   1.1012014e-03
   9.9197683e-14   9.1420212e-13   4.5800144e-11   1.2247694e-09   9.4695753e-15   1.4741525e-09
   4.3953992e-15   9.0158429e-13   5.3598598e-07   2.4896596e-11   1.3133453e-13   5.0986631e-15
   8.2870324e-15   5.9824724e-12   8.8142075e-10   2.6463682e-12   7.7770612e-15   7.6495684e-16
   1.4251894e-14   2.9558197e-13   2.8956165e-10   4.4957195e-14   1.5410585e-14   1.8434767e-13
   5.7702605e-14   1.1099750e-11   1.8951448e-08   9.0307426e-10   2.5885418e-13   1.3253980e-12
   1.2242043e-14   1.6867406e-12   3.1620231e-07   2.4367077e-09   6.3339267e-13   1.6749599e-11
   7.7164465e-14   2.7370963e-14   1.3809192e-13   1.5238049e-12   5.1030608e-15   1.2998888e-12
   1.4550894e-13   4.1100532e-11   5.0748065e-09   5.8840817e-10   6.0969098e-13   2.2975096e-14
   9.6862230e-14   5.7326626e-15   4.5197024e-10   9.4626492e-12   3.3605263e-15   5.7919660e-14
   3.0188661e-13   7.2064617e-13   1.0336172e-08   6.5062156e-11   2.4302822e-13   8.0165558e-15
   2.0486085e-13   8.6560192e-13   2.3333903e-08   2.8432866e-09   2.1436916e-13   5.6388200e-10
   1.8494415e-14   3.6550804e-13   2.6540983e-08   2.5106814e-08   6.8380665e-14   2.1855045e-12
   9.6366801e-15   3.2029397e-11   7.1147175e-09   2.6706290e-11   1.5992010e-13   3.8754092e-13
   1.0659093e-13   1.4313725e-11   3.2719941e-08   2.2028365e-09   1.0579250e-14   6.1878630e-15
   3.0536564e-14   6.8825405e-09   6.9546197e-06   1.3170419e-07   2.5297130e-10   4.4411321e-07
   3.8872509e-14   4.6193498e-13   9.6448014e-09   4.1188624e-10   6.9970516e-15   3.7576759e-15
   2.3153060e-13   2.6063550e-10   9.6811725e-12   1.2816860e-11   7.6289775e-15   3.6885219e-13
   3.5804094e-14   1.1164007e-13   2.1155190e-09   4.5608338e-11   4.1220949e-14   1.8892935e-14
   1.7680918e-12   5.2630648e-12   1.0411818e-09   2.7176785e-11   7.3758150e-14   1.9058314e-14
   2.1367301e-13   2.4996848e-08   2.1445698e-10   5.8466148e-11   6.1123883e-13   2.9313555e-11
   2.6772149e-16   1.3386074e-15   1.6399199e-10   5.5819930e-14   1.7401897e-15   6.8001258e-14
   1.4716910e-13   4.9436581e-11   4.8305988e-10   2.1121600e-10   8.1844699e-13   4.3411987e-11
   2.7385633e-14   2.8151026e-12   9.2025642e-07   7.5067531e-11   1.1306755e-12   3.8755053e-10
   3.8062860e-14   1.1484662e-12   5.3084594e-10   1.1910450e-12   2.7095595e-15   9.4247512e-11
   4.9492917e-14   3.3931314e-14   4.7990064e-10   2.6870091e-11   3.3697305e-14   6.7203367e-10
   2.2848561e-14   1.3760951e-10   8.6746749e-04   1.4655642e-06   3.2502863e-10   1.3591016e-03
   1.6790832e-13   1.4150379e-10   2.2056545e-07   9.5328697e-10   8.6382859e-14   4.9826100e-07
   6.4598922e-14   2.9314477e-12   4.6836392e-11   1.1252461e-12   1.4223616e-14   9.3480764e-13
   8.1650075e-14   1.2880149e-10   1.4688736e-10   1.2124095e-11   1.2793099e-14   1.8257610e-08
   6.0244348e-14   2.5050757e-13   3.3584863e-11   2.0337913e-11   2.6207993e-14   2.0460955e-11
   8.9979083e-14   3.6487370e-10   4.3170985e-09   6.5446046e-10   2.4809048e-14   3.6293878e-10
   2.0914949e-13   7.0008197e-14   1.3971543e-07   1.5730676e-09   1.3374483e-13   1.5168443e-13
   1.2156174e-13   3.4468860e-12   8.8925791e-08   1.5844380e-11   7.2715015e-14   3.5416653e-12
   1.2987247e-13   5.7376864e-14   2.2589553e-05   1.8210636e-08   1.7910752e-12   2.9562716e-11
   2.8143697e-14   5.6445185e-11   2.1019607e-11   5.0645316e-12   1.8673543e-15   9.3367714e-15
   3.9140929e-13   3.6198479e-14   7.4530471e-07   1.0930576e-07   1.7239790e-11   1.5140776e-09
   2.0684399e-14   4.9901113e-13   2.0236360e-10   9.1602340e-14   9.6034711e-15   5.2078516e-12
   6.8477044e-13   1.7251730e-15   7.2220053e-11   1.0519982e-11   7.2703718e-15   3.9309298e-14
   5.2222839e-14   1.3106909e-13   1.1641184e-07   2.0109899e-09   8.6607994e-13   3.1943994e-12
   1.9641156e-13   5.4302020e-14   2.2327789e-10   3.6026502e-12   6.9321728e-16   5.2408728e-11
   2.0913246e-13   3.8553388e-14   3.4649268e-12   3.8128514e-12   8.6548423e-15   2.0456900e-15
   1.3961707e-14   2.0079139e-13   1.6094790e-08   3.1287046e-10   4.0415467e-15   3.3067200e-15
   8.9355536e-14   2.6453210e-12   3.5223832e-07   2.8457703e-09   1.1576506e-13   7.1583712e-13
   2.4312271e-13   1.0293087e-15   2.1971623e-11   1.9536279e-13   1.5357286e-13   4.1172347e-16
   3.3004965e-16   1.5677358e-13   1.8663652e-09   6.3709483e-12   2.3763575e-14   7.9211915e-15
   1.6890278e-13   2.3935112e-13   8.2865934e-09   3.9354715e-09   1.0134167e-13   4.1720431e-14
   1.5277884e-13   1.0676545e-13   1.2574726e-08   1.9361429e-10   1.1503348e-14   5.3318019e-12
   9.0047519e-14   2.0583073e-12   4.5987980e-11   6.6114605e-12   2.0822347e-14   3.9087564e-14
   3.5391367e-13   7.6755174e-14   1.2284988e-07   1.0369064e-11   2.1813401e-14   2.3329840e-16
   5.3603925e-13   4.2248003e-14   2.5622457e-08   4.2715850e-13   3.9696110e-15   5.6708728e-16
   1.9676466e-14   5.7848809e-13   4.2420961e-11   2.7841262e-11   8.8637792e-14   3.3918479e-14
   2.5254461e-13   3.4692692e-11   1.0041535e-08   9.6808043e-12   4.8557933e-14   1.9611769e-12
   1.3300582e-13   7.1364231e-13   3.5596556e-11   6.0356250e-12   6.0280413e-15   4.5307537e-14
   1.3175134e-13   1.3572318e-13   7.3677318e-09   2.7188439e-11   1.0258675e-13   1.1348092e-15
   2.9310967e-13   4.5589399e-09   5.8480167e-07   5.1757345e-09   1.8028663e-13   1.6681693e-13
   2.1327462e-14   1.0308274e-14   1.0062877e-10   1.1993854e-11   1.1967076e-14   9.3603863e-15
   1.7700778e-14   1.2727006e-14   7.2672679e-10   2.8844954e-12   6.8755088e-15   2.4868861e-15
   8.2193016e-15   5.1052642e-12   4.9935275e-10   5.4732464e-12   2.7756986e-14   5.3897060e-16
   6.2736910e-14   5.9997454e-13   9.5762380e-10   4.8114644e-12   6.4258829e-15   1.1057186e-10
   3.6875143e-14   8.3393204e-12   2.4028057e-09   2.2191691e-10   1.7964813e-14   2.2422248e-14
   2.1680129e-13   5.8804575e-12   2.3789021e-09   1.4245621e-11   3.3297127e-15   3.8846648e-15
   2.4633711e-15   1.5673198e-13   1.2828399e-09   1.5006210e-10   4.0029780e-15   2.7097082e-14
   1.6433230e-13   9.8476858e-13   6.7328765e-12   8.1928764e-12   5.5134788e-15   3.8288047e-15
   6.2133844e-15   2.6420391e-13   7.0763951e-10   3.8186245e-11   3.5389276e-14   1.3777504e-14
   2.3581896e-14   1.9479029e-13   3.5758944e-09   1.6915505e-11   2.6266014e-14   6.3372031e-11
   1.8848762e-14   1.9396985e-12   1.9211061e-10   9.8232864e-10   1.4067613e-13   2.0064737e-12
   1.3705245e-13   9.9260581e-14   1.2077926e-09   1.8835219e-10   8.3096588e-15   3.4456626e-12
   2.0017473e-13   1.3875748e-14   4.8160485e-09   4.2612082e-11   1.3307070e-14   9.9632423e-14
   1.1290109e-14   1.4091904e-11   4.2877176e-09   3.9634236e-11   1.1495384e-14   1.6011427e-14
   3.8612333e-16   1.5740961e-13   1.1025096e-06   1.4285956e-06   4.2850165e-11   3.6362392e-11
   2.1985158e-14   7.0161883e-12   8.8234407e-10   7.5160177e-10   9.6277201e-13   3.1081765e-10
   2.2460390e-13   2.2041005e-13   2.3951311e-09   3.3313422e-07   2.2351660e-13   1.6897316e-09
   3.6794721e-14   1.5042930e-13   1.0132125e-09   1.3572181e-11   1.6382102e-14   2.2023396e-11
   3.0032317e-14   2.0447003e-12   1.0327509e-06   1.4343684e-07   3.2791248e-11   2.0648152e-04
   1.0774844e-14   7.4764221e-15   3.1822368e-09   6.8309474e-10   5.7172639e-15   3.2984215e-15
   3.0456726e-13   1.4901524e-12   2.1759487e-08   2.0311469e-10   1.4668688e-12   4.7904125e-09
   7.7672533e-13   3.2249003e-13   3.2877962e-10   3.4390016e-13   9.7318757e-15   5.2430480e-14
   1.8383967e-13   2.3051325e-13   9.9313302e-10   1.6261532e-12   1.4130534e-14   2.5991618e-13
   1.1774675e-13   1.5272103e-14   2.9452426e-11   1.9308835e-11   6.7616945e-15   4.4870838e-12
   3.9141445e-13   3.1887562e-12   1.2191301e-09   7.3276383e-11   3.2752271e-14   2.2414600e-10
   7.7647703e-13   7.1820245e-13   1.6189678e-07   2.2720263e-09   1.0554331e-13   1.0582551e-14
   2.0074949e-14   5.7447923e-11   3.7424369e-09   2.3172901e-11   4.5463854e-13   9.9143254e-13
   1.6896217e-13   2.8931633e-12   3.0107911e-11   2.3555455e-11   8.2508066e-15   3.3433254e-09
   1.6442256e-13   4.4608665e-10   1.1961185e-07   4.3773920e-10   8.5615621e-14   1.9479249e-10
   9.0676378e-15   1.5112730e-13   1.6405832e-09   4.5259267e-11   4.4834431e-14   3.2609912e-13
   2.1217005e-13   4.5104790e-12   9.6358147e-11   1.2456367e-11   7.1239579e-14   1.1263174e-14
   9.7589102e-14   4.7642879e-13   4.3105509e-07   7.7835694e-11   1.5297041e-12   5.2156627e-12
   6.5871517e-14   1.9847497e-12   5.8863691e-10   9.0936405e-11   3.5263125e-15   1.9465245e-14
   2.8328308e-13   3.6805266e-14   7.7068648e-08   5.5086310e-09   5.7553255e-12   7.5653522e-07
   1.7676752e-13   1.2513222e-12   6.2286883e-08   9.0507148e-11   1.1987933e-13   6.5606686e-13
   6.0013734e-15   1.0108563e-13   1.2094005e-10   2.3892218e-11   1.5003433e-15   1.0314861e-14
   4.8282091e-14   2.6713595e-12   9.3929253e-11   3.5545226e-11   5.5518167e-14   2.1808035e-12
   4.2235389e-14   3.1452166e-13   9.4290361e-10   1.0473057e-12   3.1676542e-15   3.3326362e-13
   2.8707410e-15   2.4688373e-14   5.7687678e-09   9.2178403e-10   9.3777539e-15   4.9001635e-12
   2.5394457e-15   7.1460002e-12   8.7403023e-09   3.8757232e-11   9.6710558e-14   2.1585289e-14
   3.2929026e-14   4.6759217e-13   5.0076832e-09   1.1200369e-10   1.2324864e-13   3.5437904e-14
   3.2739155e-13   4.1206387e-13   1.8585283e-10   3.2313971e-14   1.2148109e-15   3.2313971e-14
   1.8303269e-13   3.9961823e-14   6.6918711e-11   1.5062968e-12   3.7699833e-15   1.8849916e-15
   7.2048208e-14   7.1055809e-14   2.1960175e-10   9.9282034e-11   5.7559175e-15   7.9391965e-16
   7.2437867e-14   3.4974742e-11   2.0203270e-08   1.2296024e-10   2.9946381e-13   8.4982972e-14
   1.3791969e-13   7.4633614e-12   8.4533652e-08   2.9566837e-08   3.0659499e-13   2.3321888e-09
   4.7908620e-15   1.0948820e-11   1.1546861e-09   6.0705166e-11   3.0522427e-13   5.0999498e-14
   4.4282259e-13   2.9033547e-14   2.6565321e-08   6.4937225e-10   3.5620991e-14   5.6729571e-08
   4.8791947e-14   1.2862974e-12   4.1977509e-10   6.9529836e-12   8.2369201e-14   3.3796555e-10
   3.6302406e-13   6.9010347e-11   1.4384292e-10   2.5452115e-12   3.4550383e-14   6.8610690e-14
   7.2977175e-13   1.5930369e-13   1.4481934e-09   1.1451978e-11   3.4813918e-15   1.3529409e-13
   2.8959874e-13   1.2701726e-12   7.6775155e-10   2.6365822e-11   2.6628040e-14   1.5814348e-12
   2.3003634e-14   9.8897652e-13   1.7455984e-11   3.9544684e-12   2.1925338e-14   4.4114859e-12
   3.1676177e-13   6.9682969e-13   2.0828484e-10   1.6285390e-11   1.8945635e-14   1.1552216e-15
   8.6971689e-16   3.6681759e-12   1.5555097e-08   2.9029555e-11   2.7091681e-13   7.3978118e-12
   9.2359449e-16   1.3399509e-12   1.3807323e-08   2.0244803e-10   4.5071411e-14   4.5428103e-11
   3.1935497e-14   1.9409073e-14   5.5813283e-07   1.5428041e-09   1.4384739e-13   6.2803026e-10
   4.3884114e-14   6.2806621e-13   1.1282485e-07   3.4325187e-10   4.0260655e-16   4.9560866e-13
   3.9827419e-14   5.0054706e-13   2.8298635e-07   2.3889367e-08   1.9372843e-13   5.1885366e-10
   9.4056952e-15   1.5137890e-09   9.2620365e-11   2.0409649e-11   2.5732562e-14   1.6115683e-12
   1.8282705e-13   4.0364413e-14   9.8880431e-11   3.3940026e-12   1.3567870e-14   6.0716218e-14
   1.2931958e-13   6.7056515e-13   2.5195506e-06   1.6937482e-08   1.0724904e-13   1.1035271e-14
   2.7822189e-13   3.4571951e-14   6.0354454e-09   5.9458177e-09   9.0695249e-14   1.2592571e-12
   9.3259929e-14   6.5020356e-10   9.3776928e-11   6.6748680e-10   1.0841634e-12   6.9404600e-13
   6.5487347e-14   6.4741439e-11   1.0568096e-09   4.6470949e-11   1.8230910e-14   2.5823124e-13
   1.9088150e-14   1.6043937e-10   2.0331142e-06   4.8146215e-11   2.8713784e-12   2.6562723e-10
   3.8657086e-14   5.7582951e-14   7.4927191e-09   6.2159100e-09   1.0751502e-13   1.0135203e-11
   4.3530928e-14   3.4505605e-12   2.1350652e-10   1.8622157e-12   3.9872194e-13   2.5904908e-14
   3.1367120e-13   1.8454830e-12   5.5887404e-09   3.0536391e-10   8.1354388e-14   1.5226757e-15
   1.7411184e-14   5.0084172e-13   5.6340311e-11   4.2695826e-12   4.8030853e-16   4.3227768e-15
   2.2112646e-13   6.6454593e-11   1.3253539e-10   1.2495258e-12   1.7919486e-15   1.2883394e-11
   2.1733603e-14   7.1438033e-12   2.5491959e-08   1.4110564e-09   4.0542758e-13   4.0763450e-11
   5.2921420e-13   7.9172541e-12   1.5314910e-10   4.9592058e-12   1.0352036e-13   3.6192615e-11
   7.8954451e-14   1.7310547e-11   9.6547245e-10   2.4814433e-11   1.9398824e-14   4.0280362e-14
   4.9260069e-13   1.4497337e-12   5.4560424e-09   2.0695353e-11   5.4478243e-14   1.2758371e-15
   9.5732558e-14   1.5584579e-11   1.5218890e-07   6.3899236e-10   3.1563861e-12   7.2826452e-12
   5.6243428e-14   1.0450408e-11   7.1753321e-08   2.9427390e-08   7.7809159e-14   3.7349074e-07
   2.4611764e-14   5.6469230e-13   3.4191509e-10   1.4737760e-10   1.8901834e-14   1.3388799e-14
   1.1136217e-13   1.6903187e-14   3.0686493e-09   1.7799709e-10   4.9857300e-14   7.7129669e-14
   1.5534837e-13   2.6784203e-14   8.7753901e-09   3.2367673e-10   1.4124203e-13   1.2142172e-14
   2.0315144e-15   4.2910282e-11   1.8294560e-09   9.6052540e-13   1.2696965e-16   8.5907665e-13
   1.3499679e-13   2.0768736e-13   3.0370315e-11   5.0133544e-11   1.7762735e-15   1.3486015e-13
   6.9401728e-14   1.3969624e-12   3.4910585e-11   1.0331087e-12   1.7855784e-14   1.6845080e-15
   7.9444604e-15   1.8200262e-12   8.5697113e-09   5.1241769e-13   6.2066097e-16   1.7626771e-14
   1.4011380e-13   2.5381787e-11   2.1488386e-08   4.1044944e-11   4.6768230e-14   2.7979414e-09
   1.1229683e-14   1.3018113e-13   1.0508903e-11   3.7989545e-10   1.1303161e-12   5.9417498e-12
   3.5596987e-14   1.6904049e-11   1.2120059e-10   1.7147389e-10   2.6443476e-13   1.9022729e-14
   7.5802027e-14   3.4454574e-12   6.8600406e-08   4.6259864e-09   7.9297561e-13   3.3024940e-12
   5.2269992e-14   3.1078854e-11   1.1347507e-06   3.6389717e-08   9.9175834e-13   1.1059491e-09
   6.3753103e-15   5.7994758e-14   1.5758893e-08   5.0858524e-13   3.2904827e-15   6.1696551e-16
   1.2396788e-13   1.9181027e-13   3.1048902e-08   2.0035486e-07   2.7411800e-13   5.6414786e-15
   1.1514711e-13   2.3132932e-11   1.2472147e-10   5.7941045e-13   1.8374539e-15   6.1248462e-16
   2.6132698e-14   2.8004891e-13   5.3369902e-09   6.9270372e-11   1.8136873e-14   3.9045176e-11
   1.1292720e-13   2.6555832e-10   1.5526581e-06   1.4203662e-08   1.0045941e-11   1.8070969e-13
   5.0517366e-13   4.0582717e-15   1.0544579e-08   1.5224363e-11   2.6622262e-14   1.0454108e-13
   4.0350269e-13   2.4841464e-12   5.1108274e-10   1.1769181e-09   4.6788994e-14   3.0028757e-14
   1.2224821e-13   4.9487299e-12   4.4523546e-10   1.0739262e-11   6.5939257e-14   4.8731944e-11
   2.2095081e-13   1.1663544e-11   3.4389942e-07   2.2031529e-09   2.0367029e-12   4.8463284e-12
   6.3756642e-14   2.5193908e-12   3.0373973e-10   6.6924405e-12   5.4031053e-15   1.4665571e-14
   1.9805561e-14   1.8950938e-12   5.3667102e-11   1.4463486e-12   1.1666290e-14   3.6904815e-12
   4.8422824e-14   3.9591956e-13   2.3553645e-10   2.1182047e-11   3.3588086e-15   2.6038609e-09
   3.5454129e-13   2.6954967e-12   3.4872780e-10   2.0708020e-12   6.4730114e-14   2.5695468e-14
   7.2822437e-14   1.2257067e-12   7.0517344e-09   6.9222530e-10   9.8552245e-14   7.7465015e-11
   5.8306036e-14   5.2781157e-13   5.0535202e-08   4.3479488e-11   2.0963968e-14   2.1837467e-16
   1.8968383e-13   1.9098142e-13   3.1833288e-07   5.1479529e-08   2.2365705e-13   2.0220341e-08
   7.3091384e-15   2.3127576e-12   1.2357421e-06   1.1989356e-08   4.2656132e-13   4.8496232e-08
   5.9640778e-14   1.4958035e-13   3.4699405e-09   6.3630650e-12   3.8272157e-15   9.4611962e-13
   1.3249570e-13   8.6008329e-14   2.3595585e-09   4.9169354e-10   2.5722117e-14   2.2547043e-13
   2.3046961e-14   1.5045942e-10   1.8423372e-07   4.6630435e-07   2.6183120e-12   5.9152697e-04
   1.2999800e-13   3.6023973e-12   1.7706762e-10   1.3658407e-12   2.9545000e-15   6.2167605e-14
   8.2507003e-15   1.9306639e-14   5.2247889e-11   7.1800894e-12   8.0856863e-15   1.1220952e-14
   8.0843008e-14   8.7987756e-11   5.3899780e-08   1.4253265e-09   5.1529202e-13   3.7792463e-15
   3.1998909e-14   3.3061000e-13   7.7197436e-11   4.7272601e-12   1.3344226e-14   8.0117098e-12
   1.2382711e-13   6.5880684e-12   6.9799736e-10   3.2394844e-11   1.3849987e-14   1.2314147e-13
   1.2516815e-13   1.9812829e-13   4.3775895e-09   1.7895032e-09   1.1490130e-13   1.4854161e-14
   6.4430469e-14   3.2538265e-10   2.3060864e-09   6.2421371e-11   1.4443754e-14   2.0870516e-11
   1.2932299e-13   9.0942088e-12   9.4505688e-06   2.0186401e-08   3.8093715e-12   5.3507484e-10
   1.8745877e-13   1.4667276e-12   1.5447367e-10   5.6265082e-12   2.9412986e-15   4.5315608e-13
   6.7203316e-14   4.0239834e-13   4.2068888e-09   2.3187937e-11   4.9293386e-15   6.0959487e-14
   2.0086692e-13   1.1754689e-11   2.2578623e-10   3.8827017e-10   1.4178841e-14   6.4449279e-16
   2.8358662e-13   1.4293037e-10   4.4052867e-11   1.0206706e-13   3.4675663e-15   7.0858964e-15
   2.0212806e-13   4.9331190e-14   2.1848356e-10   2.7524078e-11   2.3497225e-14   7.2516849e-12
   3.5542611e-14   7.5727523e-14   3.8078886e-08   2.3899679e-08   1.8192014e-13   3.6993330e-14
   6.4589174e-14   9.2739394e-11   1.4207111e-08   3.5768858e-11   2.8093155e-14   1.9815708e-14
   5.5071937e-14   1.1960978e-12   7.0832071e-10   5.5330331e-11   4.3492019e-14   1.2835532e-11
   1.1143943e-13   1.9088668e-13   1.2564109e-08   2.2162450e-11   4.9321278e-15   2.4511075e-11
   1.6333123e-14   8.3298929e-13   8.1263435e-07   3.2525685e-07   1.9660109e-12   2.1189564e-11
   6.2836880e-13   3.8401965e-12   2.4622628e-09   3.2861496e-12   5.5827097e-14   1.4156565e-14
   2.2269872e-13   1.5536702e-13   1.1964408e-08   1.6335320e-11   1.1071925e-13   1.2209723e-12
   3.9583060e-14   6.7267012e-12   3.4798866e-04   3.3863609e-07   1.5102696e-11   2.1960219e-08
   2.3175306e-15   3.5949859e-08   5.6149930e-08   2.5317948e-09   4.9653092e-13   2.6651601e-15
   5.1703266e-14   3.0070100e-14   3.2588785e-10   8.9344974e-12   9.7349245e-15   3.4353467e-13
   1.5952002e-14   3.2939304e-11   1.0480260e-10   9.9739497e-13   1.4214655e-15   4.6240273e-12
   4.4397747e-14   6.3723825e-14   8.2348767e-11   2.3208705e-13   5.2232644e-16   2.5324127e-12
   1.7126391e-13   1.4833895e-11   3.3823984e-09   7.6650066e-12   2.9455709e-15   1.5622046e-12
   1.5725032e-13   1.4788579e-11   6.1416927e-10   1.8058591e-10   2.8707475e-14   1.4130870e-11
   2.8777783e-14   4.8244028e-12   2.0185140e-11   8.5783454e-14   4.2158535e-15   7.9368025e-14
   1.1352407e-13   1.2078500e-13   1.1739271e-09   6.9935435e-12   5.4514603e-14   4.7035845e-12
   1.6320106e-13   6.8964875e-12   4.4678773e-08   1.1771715e-09   7.9768246e-13   3.7024780e-05
   3.3074538e-14   8.1498938e-12   8.7169702e-10   4.1259592e-11   2.7264146e-14   8.1941422e-15
   8.1114129e-14   8.6354984e-14   1.8879305e-07   1.5806409e-07   1.7020984e-11   1.0791395e-12
   4.7904719e-14   9.0551896e-12   1.0840118e-07   2.8794500e-11   1.6989067e-13   1.5072878e-13
   2.6765608e-14   4.2510679e-11   3.3851735e-12   5.6891786e-12   1.0814387e-15   1.0462919e-13
   1.0011024e-15   1.2000716e-13   2.3975424e-07   7.7002298e-12   1.7769568e-14   3.9118579e-11
   3.8453301e-14   1.0152018e-11   1.0095767e-09   5.8961728e-13   7.7945880e-15   9.1802925e-15
   2.7023518e-14   6.3838165e-13   2.6037437e-09   2.8806091e-11   3.2114905e-14   3.8185406e-14
   1.5916113e-13   2.1688156e-12   1.0582313e-06   7.7389559e-05   3.2305938e-12   9.6097058e-06
   2.1586993e-14   2.1925414e-12   2.9835910e-09   2.5807025e-11   3.8339399e-14   2.7343536e-10
   1.3444395e-14   4.6006966e-14   4.3089532e-11   9.5738892e-12   6.8332062e-14   1.7971086e-13
   8.5023181e-14   5.7314083e-14   3.8853115e-11   1.2900773e-12   1.4583736e-16   7.2918680e-15
   1.0995159e-14   9.1026169e-13   3.5715213e-09   1.7389943e-11   1.4224986e-13   1.5255095e-11
   8.4789782e-14   8.4581567e-13   3.0136810e-12   6.8005338e-12   2.0821502e-15   4.9670849e-13
   2.2946070e-13   1.2744673e-11   3.0575670e-10   1.3055095e-12   6.6091291e-15   6.0514839e-14
   2.8272306e-14   4.8540762e-13   2.1204309e-10   2.2287338e-12   1.9910075e-16   9.9550374e-15
   1.6108096e-14   1.9977742e-13   2.9611401e-09   7.6708197e-10   1.2293995e-13   5.5785646e-05
   1.7465062e-13   1.1511064e-13   1.4293449e-11   2.5516619e-11   4.3195675e-15   6.9486664e-13
   5.7641906e-14   5.0451448e-12   2.9375260e-05   4.5285541e-07   8.3999653e-11   3.7038099e-04
   2.3043772e-13   1.9136413e-12   4.0382484e-09   4.3523925e-13   7.2011789e-16   3.9750508e-14
   4.2348256e-13   1.1954447e-13   6.4409313e-08   6.5121831e-09   9.2345733e-13   1.7820228e-08
   1.0982626e-14   1.8427226e-11   2.3042809e-11   3.3430573e-11   3.6008609e-16   5.4012913e-16
   8.0159334e-15   2.7458836e-14   1.0321793e-11   3.1512851e-11   1.0915314e-14   1.4809283e-08
   1.1849915e-13   4.8761081e-14   2.9384963e-08   1.3272461e-11   3.0701421e-14   4.9316763e-14
   1.5849029e-13   1.7403765e-15   2.1227877e-09   1.3899482e-10   1.3957820e-13   4.6520090e-10
   7.4438643e-14   2.1818903e-12   8.0526642e-06   2.3882214e-09   1.0570945e-12   2.5353506e-12
   4.1419205e-13   1.1539357e-09   5.3805592e-08   2.4800792e-08   2.6675346e-12   1.5176100e-09
   3.5257748e-13   1.8348207e-13   5.1603707e-11   1.7181428e-11   3.3151874e-14   3.1713208e-13
   9.8368621e-15   1.5301786e-14   7.6762404e-10   5.4543939e-10   1.5165162e-14   1.8717363e-12
   4.0024526e-13   1.1182293e-11   4.3801497e-10   2.0604396e-12   8.3656749e-15   3.2678418e-15
   2.7321578e-13   1.8262155e-11   5.0595651e-09   2.5775174e-10   8.3637483e-14   6.4095971e-12
   2.4437879e-15   2.7578789e-12   4.8807752e-07   3.2722781e-09   1.6966319e-12   5.3520026e-06
   1.2392457e-13   1.5276166e-12   2.6699707e-11   1.0387737e-11   9.7141317e-16   3.5330158e-11
   6.4914224e-16   2.1826759e-12   1.3490993e-09   1.8491674e-10   7.6988270e-14   1.9109449e-12
   4.3268000e-14   8.4314130e-14   1.0348536e-11   1.8712591e-11   1.4149805e-14   2.9352076e-14
   4.3092269e-14   2.1282322e-11   1.4338412e-09   6.3702060e-12   3.3743438e-14   1.2854643e-14
   1.3435272e-13   1.8781444e-13   2.3055727e-10   2.8163276e-12   2.4127615e-15   7.6192469e-16
   2.0407995e-13   5.6559591e-11   6.6750912e-08   8.2159706e-12   2.9318169e-15   3.6966387e-15
   1.7357620e-13   1.2186706e-12   1.8760540e-08   9.3874414e-11   1.5619837e-13   4.1019754e-14
   5.5260063e-14   1.4314812e-12   2.0641052e-09   1.2616978e-11   1.2157214e-14   3.4661567e-12
   2.3240378e-13   1.9452230e-09   4.5337169e-08   1.5649447e-10   1.5846621e-13   1.1390383e-13
   1.1548385e-14   2.4092320e-14   2.2134698e-09   2.4360655e-08   1.9273856e-13   6.4073625e-13
   2.1372152e-13   1.1070248e-11   3.1809693e-10   5.3099335e-10   5.2648874e-15   3.9239864e-13
   2.0408035e-15   1.3439371e-12   6.4262778e-10   1.7414856e-13   1.6870642e-14   1.2925089e-14
   3.1149754e-14   1.2765042e-13   7.6659800e-11   1.3928517e-11   1.2205618e-14   1.6772681e-10
   3.9901760e-15   1.1571510e-13   1.8745212e-09   1.5789005e-12   2.2852826e-14   1.1486870e-14
   2.7075940e-14   3.1137330e-14   4.5825215e-10   5.1864774e-11   3.0460432e-14   2.1389992e-14
   3.6225798e-14   3.6127511e-13   4.2264042e-08   3.2988826e-10   9.9971969e-14   1.1134518e-13
   5.9175867e-14   9.8519821e-14   3.8852613e-08   3.7076096e-10   2.5045786e-13   1.7335570e-10
   6.5357680e-14   4.4470174e-14   3.4371645e-09   6.7075846e-13   7.1421795e-14   3.3352631e-14
   4.0737055e-14   4.9218037e-12   9.6155352e-09   1.2899831e-10   3.6161516e-14   2.1401714e-14
   7.8329936e-14   1.6324335e-13   7.7224651e-10   4.5526756e-12   5.3742667e-15   2.3713952e-13
   4.9078371e-16   1.8455104e-12   5.8193075e-10   2.3189694e-11   1.3578349e-14   2.5782504e-13
   3.0885754e-13   1.2482830e-13   6.4163157e-09   1.4285732e-11   4.0116427e-14   2.3405403e-11
   1.6542691e-13   1.5647673e-11   3.1525925e-07   1.4959459e-09   5.3355333e-13   1.6653716e-14
   6.2188106e-14   3.0693401e-13   3.4337246e-09   2.2981554e-11   3.3097311e-15   5.6335108e-12
   1.4937346e-13   1.0909807e-12   5.4836381e-08   1.5866083e-10   2.8564104e-15   2.1843138e-15
   5.4718614e-14   3.6684592e-13   8.0563409e-08   3.7641436e-10   2.7551978e-14   4.4314371e-14
   3.0214433e-15   1.7467123e-12   8.0376420e-10   3.4830245e-11   9.0643300e-15   6.9970267e-15
