1 267
268 541
542 818
819 1101
1102 1391
1392 1688
1689 1989
1990 2297
2298 2613
2614 2933
2934 3263
3264 3603
3604 3952
3953 4307
4308 4667
4668 5034
5035 5409
5410 5787
5788 6174
6175 6571
6572 6975
6976 7387
7388 7805
7806 8229
8230 8656
8657 9089
9090 9528
9529 9972
9973 10417
10418 10866
10867 11325
11326 11788
11789 12257
12258 12727
12728 13210
13211 13697
13698 14188
14189 14682
14683 15182
15183 15685
15686 16199
16200 16718
16719 17245
17246 17777
17778 18312
18313 18852
18853 19403
19404 19958
19959 20518
20519 21084
21085 21656
21657 22230
22231 22814
22815 23402
23403 23995
23996 24594
24595 25200
25201 25810
25811 26425
26426 27044
27045 27667
27668 28293
28294 28925
28926 29565
29566 30211
30212 30864
30865 31521
31522 32178
32179 32835
32836 33496
33497 34164
34165 34838
34839 35515
35516 36192
36193 36875
36876 37557
37558 38233
38234 38907
38908 39574
39575 40234
40235 40892
40893 41546
41547 42191
42192 42832
42833 43469
43470 44100
44101 44730
44731 45358
45359 45985
45986 46611
46612 47232
47233 47850
47851 48465
48466 49079
49080 49691
49692 50299
50300 50905
50906 51511
51512 52114
52115 52711
52712 53307
53308 53900
53901 54493
54494 55082
55083 55669
55670 56250
56251 56829
56830 57406
57407 57978
57979 58549
58550 59119
59120 59688
59689 60252
60253 60814
60815 61373
61374 61931
61932 62487
62488 63039
63040 63587
63588 64133
64134 64676
64677 65218
65219 65757
65758 66295
66296 66831
66832 67364
67365 67892
67893 68420
68421 68945
68946 69467
69468 69988
69989 70508
70509 71027
71028 71544
71545 72055
72056 72563
72564 73070
73071 73574
73575 74076
74077 74574
74575 75069
